choice,max_possible,points,reaction_time,subject,total_points,0,1,2,3,4,5,6,7
2,72,63,1.7644960209981946,108,63,57,72,63,43,56,62,53,28
2,145,64,0.11609058599788113,108,127,66,73,64,38,55,63,38,19
2,221,68,0.015103366997209378,108,195,55,76,68,50,54,64,41,27
2,305,73,0.12819509899782133,108,268,58,84,73,47,60,66,44,25
3,389,51,0.49625270099932095,108,319,65,84,76,51,57,69,39,24
3,470,44,0.5123179759975756,108,363,64,81,62,44,62,65,45,36
1,560,90,0.09867530599876773,108,453,59,90,71,48,65,64,42,22
1,640,80,0.20810826000160887,108,533,54,80,69,44,72,63,42,29
1,731,91,0.058046598998771515,108,624,60,91,65,49,67,74,40,30
1,821,90,0.002567584000644274,108,714,56,90,55,52,64,67,39,27
1,903,82,0.009993501000280958,108,796,55,82,49,46,58,61,37,32
1,997,94,0.06421091299853288,108,890,50,94,59,51,63,66,33,28
1,1081,84,0.32699174400113407,108,974,57,84,56,53,69,58,33,26
1,1172,91,0.062410598002315965,108,1065,56,91,52,43,65,58,37,28
1,1261,89,0.0036672319984063506,108,1154,60,89,54,54,66,57,44,26
1,1353,92,0.02856265299851657,108,1246,52,92,53,47,62,64,41,36
1,1436,83,0.18980347199976677,108,1329,53,83,62,52,58,63,41,34
1,1524,88,0.07508098100151983,108,1417,44,88,57,46,69,62,50,33
1,1615,91,0.030071507000684505,108,1508,55,91,52,49,62,65,43,35
1,1701,86,0.18285905599987018,108,1594,42,86,45,44,69,59,44,29
1,1786,85,0.005750298998464132,108,1679,55,85,47,46,66,56,49,27
1,1873,87,0.2015643650011043,108,1766,49,87,57,51,56,54,44,35
1,1965,92,0.12568149599974276,108,1858,50,92,61,52,57,50,53,34
1,2053,88,0.19285074100116617,108,1946,61,88,50,59,65,66,49,38
1,2135,82,0.1715761070008739,108,2028,61,82,57,55,68,58,47,31
1,2221,86,0.08322574300109409,108,2114,71,86,60,49,57,58,52,37
1,2307,86,0.13009030499961227,108,2200,74,86,59,48,55,57,54,45
1,2391,84,0.12057473700042465,108,2284,73,84,52,48,57,58,56,43
1,2482,91,0.06824696499825222,108,2375,74,91,57,48,53,63,56,39
1,2567,85,0.2961384049995104,108,2460,77,85,53,53,56,61,54,52
1,2652,85,0.545398488000501,108,2545,81,85,60,38,52,64,50,43
1,2747,95,0.5130293980000715,108,2640,85,95,62,46,54,59,57,47
1,2832,85,0.290358786998695,108,2725,80,85,65,42,47,64,56,41
1,2917,85,0.04905366900129593,108,2810,85,85,60,40,43,57,54,39
1,3001,84,0.07267046099877916,108,2894,83,84,57,41,57,56,57,41
1,3085,84,0.0006949600028747227,108,2978,81,84,63,37,55,57,54,45
1,3166,79,0.21909985200181836,108,3057,81,79,67,37,63,65,60,41
1,3251,76,0.3058438379994186,108,3133,85,76,62,34,59,63,54,46
1,3332,81,0.002481296000041766,108,3214,81,81,62,28,58,59,62,44
1,3413,75,0.1783672370002023,108,3289,81,75,70,29,59,66,62,45
1,3496,77,0.1745672589968308,108,3366,83,77,55,31,48,59,60,45
1,3573,71,0.16629641599865863,108,3437,77,71,58,35,66,63,68,47
1,3652,79,0.36734546899970155,108,3516,73,79,65,35,61,56,61,53
1,3734,82,0.16254430299886735,108,3598,72,82,64,34,59,63,65,59
1,3829,95,0.3380732990008255,108,3693,70,95,63,36,59,61,55,57
1,3914,85,0.1629246439988492,108,3778,74,85,72,33,63,63,61,61
1,3996,82,0.14498989099956816,108,3860,70,82,62,34,60,69,56,55
1,4081,85,0.3168068220002169,108,3945,74,85,61,30,67,65,65,47
1,4164,83,0.09938947599948733,108,4028,69,83,61,24,60,62,67,50
1,4251,87,0.1319304389980971,108,4115,69,87,57,31,60,66,59,47
1,4332,81,0.28847965900058625,108,4196,71,81,62,34,55,67,71,55
1,4410,78,0.42146465899713803,108,4274,68,78,58,27,60,68,58,50
1,4481,70,0.4272909389983397,108,4344,63,70,71,34,56,62,57,54
1,4560,79,0.06486400200083153,108,4423,64,79,60,26,55,61,69,52
0,4636,61,0.18937438400098472,108,4484,61,75,63,24,61,76,65,61
0,4712,56,0.18511516099897563,108,4540,56,76,67,30,60,73,71,50
4,4791,65,1.336916496999038,108,4605,60,79,64,32,65,77,71,51
3,4875,29,0.5193883389983966,108,4634,60,84,63,29,58,73,64,58
2,4956,69,0.3390084150014445,108,4703,58,81,69,37,49,70,63,58
2,5051,59,0.3369032260015956,108,4762,59,95,59,32,49,75,64,58
6,5134,61,0.5050354699997115,108,4823,61,83,62,36,40,73,61,52
7,5219,53,0.2500588250004512,108,4876,72,85,52,34,59,61,56,53
1,5301,82,0.02324832400336163,108,4958,77,82,54,25,58,63,62,58
1,5401,100,0.03778247100126464,108,5058,76,100,51,24,54,64,64,61
1,5488,87,0.24467143999936525,108,5145,66,87,52,28,42,65,63,54
1,5573,85,0.45662430800075526,108,5230,60,85,59,26,41,64,66,59
1,5657,84,0.0056055630011542235,108,5314,62,84,61,21,44,57,71,54
1,5737,80,0.010887361000641249,108,5394,57,80,51,23,47,75,69,45
1,5821,84,0.0044908009986102115,108,5478,60,84,39,18,50,52,67,58
1,5901,80,0.015310040998883778,108,5558,65,80,56,27,54,60,75,45
1,5980,79,0.05040884700065362,108,5637,58,79,42,33,46,50,76,43
1,6063,83,0.1715624860007665,108,5720,56,83,45,39,49,53,70,42
1,6140,77,0.3942501919991628,108,5797,64,77,34,31,51,52,68,47
1,6224,84,0.046677049998834264,108,5881,65,84,40,27,50,41,62,51
1,6296,72,0.09239100600098027,108,5953,54,72,42,27,47,44,63,51
1,6362,66,0.4205821299983654,108,6019,58,66,40,43,47,52,55,46
1,6435,73,0.4215738419989066,108,6092,55,73,47,37,46,52,52,42
1,6508,73,0.02176528500058339,108,6165,51,73,49,37,51,56,57,46
1,6580,72,0.01553133500055992,108,6237,53,72,53,31,56,63,64,55
1,6663,83,0.033195670999703,108,6320,56,83,50,35,49,52,61,56
1,6738,75,0.11958954800138599,108,6395,53,75,50,36,51,64,50,50
1,6819,81,0.025184307000017725,108,6476,57,81,40,38,58,59,57,43
1,6900,81,0.18635185200037085,108,6557,54,81,43,44,54,53,44,50
1,6977,77,0.0775643660017522,108,6634,48,77,43,52,49,53,44,44
1,7062,85,0.016729634000512306,108,6719,51,85,49,45,45,55,48,49
1,7129,67,0.28405431200008024,108,6786,47,67,43,49,49,52,46,41
1,7204,75,0.0870060069973988,108,6861,53,75,36,43,45,55,43,46
0,7274,56,0.2528641909993894,108,6917,56,70,40,40,53,50,51,46
3,7353,42,1.6621999609997147,108,6959,53,79,33,42,44,46,46,52
1,7414,61,0.3126223850013048,108,7020,44,61,44,41,57,51,58,57
1,7483,69,0.07882955300010508,108,7089,52,69,47,42,49,49,61,51
1,7550,67,0.26152688099682564,108,7156,47,67,49,34,44,45,56,58
1,7621,62,0.6401536970006418,108,7218,51,62,45,47,46,44,71,51
2,7699,41,0.03657787200063467,108,7259,54,78,41,34,50,51,66,51
6,7766,66,0.41867950099913287,108,7325,48,62,45,39,53,51,66,67
5,7835,39,0.1718562109999766,108,7364,57,69,44,30,57,39,65,58
7,7907,61,0.8872756340024353,108,7425,51,72,48,42,49,49,67,61
7,7976,60,0.04943726700003026,108,7485,52,69,45,41,54,42,64,60
7,8041,63,0.0686807329984731,108,7548,56,65,48,38,55,37,59,63
1,8110,67,0.0909944999984873,108,7615,69,67,47,39,56,33,51,68
1,8171,60,0.03694175499913399,108,7675,61,60,55,40,57,30,53,61
1,8239,58,0.18667242599985912,108,7733,57,58,61,38,57,24,53,68
1,8310,57,0.14872502599973814,108,7790,55,57,55,38,55,30,64,71
1,8384,56,0.38842093399944133,108,7846,59,56,67,48,51,31,60,74
7,8449,65,1.0278869649991975,108,7911,62,63,53,44,49,23,59,65
7,8516,67,0.1315451589980512,108,7978,57,50,64,46,46,34,53,67
7,8585,69,0.9132803520005837,108,8047,49,55,54,50,55,41,60,69
7,8660,75,0.15177271200082032,108,8122,57,59,65,47,55,40,59,75
7,8735,75,0.1661067790009838,108,8197,59,67,67,46,42,39,47,75
7,8807,72,0.053847963998123305,108,8269,63,60,57,41,61,38,48,72
7,8887,80,0.05932196900175768,108,8349,68,55,71,39,60,43,48,80
7,8955,68,0.11408597800254938,108,8417,59,67,63,50,51,39,55,68
7,9028,70,0.06968598099774681,108,8487,54,73,66,45,58,28,58,70
7,9102,70,0.030562773998099146,108,8557,74,63,51,47,67,36,59,70
7,9175,73,0.06763713399777771,108,8630,71,64,61,37,63,32,64,73
1,9248,60,0.18478328100172803,108,8690,69,60,53,38,47,47,62,73
7,9316,68,0.7712888289970579,108,8758,63,64,50,42,53,31,64,68
7,9385,69,0.2740061020012945,108,8827,67,63,54,50,45,18,65,69
7,9461,65,0.12890249499832862,108,8892,71,76,57,43,50,20,64,65
7,9538,59,0.7877602210028272,108,8951,61,77,51,36,50,25,62,59
1,9606,65,0.4025882409987389,108,9016,54,65,57,44,55,26,68,65
1,9673,67,0.41933005700047943,108,9083,53,67,49,33,47,24,58,62
1,9738,64,0.3665915799974755,108,9147,48,64,53,39,43,21,58,65
0,9804,64,0.39265914099814836,108,9211,64,66,40,47,45,25,55,66
0,9870,52,0.45338207900204,108,9263,52,66,55,49,46,25,59,62
3,9941,42,0.7913438440009486,108,9305,58,71,49,42,43,26,59,71
4,10014,50,0.47480353099672357,108,9355,73,63,47,39,50,21,55,62
4,10082,48,0.5154745960026048,108,9403,68,64,59,47,48,24,44,58
5,10146,27,0.13591636899946025,108,9430,64,62,54,36,61,27,51,59
6,10216,50,0.44683504100248683,108,9480,66,70,59,38,60,22,50,51
1,10282,66,0.9391041759990912,108,9546,58,66,50,36,61,26,53,56
1,10348,66,0.173778301999846,108,9612,60,66,60,46,54,24,51,48
1,10419,71,0.3736353420026717,108,9683,58,71,57,35,70,21,53,51
1,10495,76,0.0954356110014487,108,9759,50,76,53,35,63,23,56,56
1,10557,62,0.3938677270016342,108,9821,58,62,46,41,57,34,50,45
1,10630,54,0.2580906610019156,108,9875,48,54,46,33,73,32,56,48
7,10692,62,0.4465959250010201,108,9937,61,60,50,39,61,35,57,62
7,10757,57,0.35709307200158946,108,9994,61,50,48,40,65,26,58,57
1,10824,49,0.4816082360011933,108,10043,63,49,44,26,67,23,57,51
1,10885,55,0.3911762229981832,108,10098,56,55,47,39,61,23,55,47
1,10952,50,0.28874200800055405,108,10148,67,50,49,35,67,27,55,40
1,11019,51,1.0819069709978066,108,10199,67,51,40,34,66,28,56,42
1,11087,52,0.03240852399903815,108,10251,59,52,53,31,68,31,59,49
1,11161,51,0.2859440549982537,108,10302,56,51,56,35,74,34,64,46
0,11231,48,0.025407805002032546,108,10350,48,51,55,40,70,22,65,43
1,11299,53,0.27345531699756975,108,10403,53,53,46,38,68,30,64,49
2,11376,43,0.8347213819979515,108,10446,54,53,43,27,77,35,60,52
3,11458,31,0.1848320449971652,108,10477,43,60,46,31,82,31,68,47
7,11530,52,0.5563883209979394,108,10529,45,52,47,16,72,38,60,52
4,11609,79,0.8006175910013553,108,10608,48,51,40,30,79,24,60,44
4,11694,85,0.02152240299983532,108,10693,56,41,41,24,85,36,57,42
4,11768,74,0.3635233250024612,108,10767,49,47,40,6,74,34,61,49
4,11853,85,0.4639675559992611,108,10852,42,42,32,13,85,40,68,41
4,11933,80,0.13181944399912027,108,10932,51,52,45,20,80,39,61,47
4,12012,79,0.3813563600015186,108,11011,47,57,48,19,79,33,77,47
4,12095,83,0.13946468500216724,108,11094,49,52,46,15,83,34,68,48
4,12173,78,0.38681081399772665,108,11172,48,57,58,20,78,31,70,43
4,12254,81,0.04272495100303786,108,11253,47,63,59,21,81,29,62,51
4,12353,99,0.1967887239989068,108,11352,48,56,66,21,99,37,62,47
4,12436,83,0.03928065399668412,108,11435,47,52,48,20,83,30,70,49
4,12525,89,0.19935629300016444,108,11524,53,49,51,22,89,37,64,51
4,12614,89,0.1590009560022736,108,11613,47,60,50,21,89,22,57,67
4,12698,84,0.19852794899998116,108,11697,48,54,53,25,84,30,59,58
4,12793,95,0.3366296780004632,108,11792,45,60,49,28,95,28,62,70
4,12880,87,0.21002545000010286,108,11879,55,70,55,20,87,24,55,57
4,12962,82,0.14748597299694666,108,11961,57,74,54,20,82,31,46,62
4,13053,91,0.16949092099821428,108,12052,56,65,55,36,91,23,47,56
4,13138,85,0.3407826179973199,108,12137,49,58,48,29,85,27,46,63
4,13213,75,0.12453230499886558,108,12212,52,63,49,30,75,30,47,56
4,13289,76,0.6165012210003624,108,12288,49,64,47,30,76,14,49,67
4,13368,79,0.8479269639974518,108,12367,48,59,48,30,79,19,49,65
4,13453,85,0.4533893000007083,108,12452,61,61,42,35,85,15,46,68
4,13526,73,0.03189748400109238,108,12525,46,56,41,30,73,14,45,68
4,13608,82,0.5996057340016705,108,12607,52,48,46,20,82,21,44,61
4,13693,85,0.8864666139998008,108,12692,50,46,45,27,85,14,43,58
4,13783,90,0.20228836300157127,108,12782,51,50,42,24,90,14,45,68
4,13875,92,0.21847142099795747,108,12874,49,49,46,19,92,7,53,69
4,13972,97,0.09473483999681775,108,12971,45,44,44,29,97,7,45,77
4,14067,95,0.08824838399959845,108,13066,51,42,41,29,95,7,48,72
4,14156,89,0.05423038699882454,108,13155,51,38,40,26,89,9,49,68
4,14248,92,0.21302532799745677,108,13247,52,36,51,25,92,16,45,69
4,14330,82,1.6768850540029234,108,13329,59,35,44,22,82,19,55,62
4,14420,90,0.1250805460003903,108,13419,60,37,39,20,90,15,51,70
4,14505,85,0.13884223499917425,108,13504,58,22,47,23,85,15,55,76
4,14588,83,0.13338043700059643,108,13587,48,37,48,19,83,20,54,77
4,14671,83,0.12712417299917433,108,13670,46,36,49,30,83,23,55,76
4,14759,88,0.14139000000068336,108,13758,52,44,43,28,88,17,42,72
4,14849,90,0.01281755099989823,108,13848,48,42,53,31,90,18,57,67
4,14940,91,0.06973169100092491,108,13939,53,47,52,24,91,15,58,68
4,15031,91,0.0720962889972725,108,14030,59,45,53,33,91,21,55,74
4,15121,90,0.13125694599875715,108,14120,51,47,44,25,90,19,60,64
4,15200,79,0.7784085829989635,108,14199,52,49,42,35,79,22,59,73
4,15286,86,0.024698991001059767,108,14285,49,46,51,28,86,10,61,74
4,15377,91,0.010154290997888893,108,14376,48,41,58,29,91,8,56,68
4,15463,86,0.8374369779994595,108,14462,46,37,46,35,86,16,58,69
4,15546,83,0.2121105959995475,108,14545,52,34,45,34,83,12,56,68
4,15627,81,0.315333611000824,108,14626,52,30,51,30,81,12,55,65
4,15710,83,0.001685787003225414,108,14709,52,35,46,39,83,10,48,71
4,15792,82,0.4080129480025789,108,14791,53,30,56,39,82,4,56,70
4,15876,84,1.0404180149998865,108,14875,51,29,62,42,84,4,52,67
