choice,max_possible,points,reaction_time,subject,total_points,0,1,2,3,4,5,6,7
7,70,57,0.890364466002211,108,57,58,50,42,49,70,12,64,57
2,141,49,0.830144958999881,108,106,60,37,49,41,71,19,68,52
3,221,50,0.9741709779991652,108,156,61,48,45,50,72,20,80,62
0,292,55,0.23636836600053357,108,211,55,38,48,49,62,19,71,51
5,362,23,0.41489610300050117,108,234,51,36,43,46,68,23,70,55
6,435,73,0.24941834000128438,108,307,47,34,47,44,60,22,73,54
6,502,63,0.3220282430011139,108,370,44,28,50,44,67,14,63,58
6,577,75,0.03762030400321237,108,445,48,25,55,42,57,22,75,51
6,638,61,0.6311311700010265,108,506,41,28,48,43,58,18,61,57
6,706,68,0.0020634469983633608,108,574,43,37,49,35,66,24,68,56
6,775,69,0.5714752959975158,108,643,40,35,54,55,64,23,69,59
6,847,65,0.08256210000035935,108,708,41,37,41,37,72,19,65,63
6,917,70,0.12668926900005317,108,778,45,31,40,43,61,16,70,52
6,984,67,0.053732118001789786,108,845,43,39,48,47,63,22,67,53
4,1042,55,0.06364015600047424,108,900,43,34,46,50,55,18,58,55
3,1104,50,0.46227819900013856,108,950,32,38,42,50,55,25,62,52
2,1171,59,0.5385124130007171,108,1009,44,39,59,46,57,22,67,52
2,1237,62,0.066469920999225,108,1071,38,36,62,47,52,43,66,49
2,1300,59,0.22585329900175566,108,1130,32,33,59,55,58,29,63,58
6,1369,69,0.17630695999832824,108,1199,44,25,51,50,53,34,69,42
6,1427,58,0.038174725999851944,108,1257,42,30,47,43,55,40,58,44
6,1484,57,0.11056954900050187,108,1314,46,35,41,48,52,32,57,37
6,1542,58,1.8287985479983035,108,1372,40,24,45,49,52,41,58,39
6,1604,58,1.0961286710007698,108,1430,38,29,55,41,62,48,58,38
6,1665,61,0.9350961519994598,108,1491,43,37,58,44,54,48,61,49
6,1725,59,0.2659442360018147,108,1550,45,32,54,56,60,44,59,39
1,1790,32,0.785274527999718,108,1582,38,32,55,48,60,41,65,46
0,1855,45,0.12577566300024046,108,1627,45,41,53,55,65,40,64,49
2,1924,55,0.2801180399983423,108,1682,37,25,55,57,60,30,69,46
2,1992,63,0.10055258799911826,108,1745,39,32,63,68,56,36,67,50
2,2055,52,0.5688092249984038,108,1797,41,23,52,55,63,40,60,46
2,2121,59,0.9055491610015451,108,1856,38,20,59,59,57,32,66,43
6,2179,51,0.3364934479977819,108,1907,32,32,50,56,58,46,51,48
6,2245,57,0.2341533780017926,108,1964,38,26,47,66,64,42,57,52
6,2310,56,0.36389887499899487,108,2020,38,24,46,65,64,41,56,47
6,2372,57,0.29957119100072305,108,2077,35,26,56,61,62,39,57,48
7,2435,51,0.19087720600145985,108,2128,38,11,56,63,63,42,53,51
7,2493,49,0.08566849600174464,108,2177,34,18,51,58,53,43,56,49
3,2550,52,0.11140803699890967,108,2229,36,22,57,52,50,46,55,46
3,2611,55,0.036787611003092024,108,2284,42,19,61,55,60,41,57,45
3,2672,61,0.683165280999674,108,2345,34,23,52,61,52,40,46,37
3,2739,54,0.0023902590000943746,108,2399,32,18,67,54,63,34,51,48
4,2798,53,1.2705938159997459,108,2452,30,15,56,59,53,37,51,49
6,2856,58,0.7748063239996554,108,2510,25,14,55,54,55,34,58,49
6,2920,57,0.048354539001593366,108,2567,28,17,57,64,53,37,57,51
6,2981,61,0.038973169001110364,108,2628,25,9,61,53,55,47,61,41
6,3040,59,0.02226466799766058,108,2687,22,16,57,50,55,51,59,44
6,3107,47,0.046224693996919086,108,2734,25,11,67,51,46,37,47,40
7,3172,37,0.37961957399966195,108,2771,34,10,65,60,51,41,50,37
1,3239,14,0.8642826190007327,108,2785,33,14,67,64,54,47,55,39
0,3310,36,0.7048617460022797,108,2821,36,8,71,53,56,42,51,47
2,3376,66,0.35172811600205023,108,2887,38,17,66,57,54,32,50,43
2,3445,69,0.14384173700091196,108,2956,40,9,69,60,54,31,46,32
2,3510,65,0.04323805300009553,108,3021,49,7,65,57,54,46,50,36
2,3582,72,0.05162090700105182,108,3093,49,12,72,60,58,44,62,38
2,3645,63,0.02348506099951919,108,3156,48,19,63,53,51,44,58,46
2,3713,68,0.046975657998700626,108,3224,49,20,68,54,58,42,62,49
2,3775,60,0.476901165999152,108,3284,49,17,60,55,62,49,53,55
2,3841,66,0.024872726000467082,108,3350,40,7,66,58,53,50,51,44
2,3903,62,0.2803101149984286,108,3412,50,9,62,57,50,46,50,45
2,3970,67,0.07231987300110632,108,3479,50,1,67,56,46,38,51,48
2,4037,67,0.015161133000219706,108,3546,46,15,67,55,48,38,41,38
2,4104,67,0.38237450199812884,108,3613,48,19,67,34,60,42,47,52
2,4165,61,0.02190052699734224,108,3674,44,14,61,44,56,39,52,42
2,4220,53,0.3051883619991713,108,3727,37,6,53,46,55,45,50,49
2,4279,59,0.03951454700290924,108,3786,38,14,59,42,54,48,49,47
2,4335,56,0.16370992800148088,108,3842,45,17,56,35,50,47,37,42
2,4396,61,0.09415087999877869,108,3903,41,16,61,41,57,45,49,46
2,4461,58,0.044514156001241645,108,3961,46,15,58,49,65,42,44,53
2,4528,62,0.027284494000923587,108,4023,44,20,62,40,67,44,55,48
2,4596,63,0.045580746002087835,108,4086,43,18,63,45,68,51,48,58
2,4659,63,0.32846345600046334,108,4149,52,16,63,47,59,50,45,49
2,4725,59,0.29662225499851047,108,4208,49,16,59,53,66,49,58,59
2,4791,57,0.44758701200044015,108,4265,49,16,57,62,66,43,55,57
6,4860,54,0.058738016999996034,108,4319,49,13,58,57,69,44,54,62
6,4926,59,0.20730830999673344,108,4378,58,17,54,54,66,45,59,57
6,4997,52,0.08904670099946088,108,4430,49,16,63,50,71,50,52,49
5,5065,55,0.29656545800025924,108,4485,45,17,65,56,68,55,63,56
5,5130,58,0.2194954010010406,108,4543,52,21,59,57,65,58,57,63
5,5200,61,0.10873379199983901,108,4604,54,15,54,57,70,61,60,60
5,5272,57,0.05142933000024641,108,4661,59,22,55,59,72,57,61,51
5,5350,49,0.10627359700083616,108,4710,51,17,58,60,78,49,52,56
2,5431,60,0.011444636998930946,108,4770,57,15,60,55,81,57,53,50
2,5494,56,0.19473519299936015,108,4826,51,16,56,59,63,48,53,57
2,5564,68,0.08219972500228323,108,4894,53,20,68,59,70,58,67,68
2,5632,60,0.03724942999906489,108,4954,55,21,60,58,64,55,68,55
2,5701,51,0.05598786400150857,108,5005,50,18,51,52,69,60,65,64
2,5772,59,0.19456596099917078,108,5064,57,22,59,71,64,45,59,53
2,5841,45,0.1075762959990243,108,5109,59,18,45,59,69,50,68,52
2,5909,44,0.11821041599978344,108,5153,60,21,44,56,64,47,68,56
4,5973,56,0.06913149699903443,108,5209,53,25,44,57,56,38,64,55
4,6037,64,0.15320172399879084,108,5273,62,23,51,54,64,29,60,46
4,6100,63,0.05767357100194204,108,5336,63,19,48,59,63,46,56,58
4,6168,60,0.07809553200058872,108,5396,62,12,49,60,60,47,68,63
4,6242,62,0.13823995900020236,108,5458,59,13,46,53,62,47,74,56
4,6311,61,0.14542589299890096,108,5519,60,25,48,51,61,47,69,57
4,6377,66,0.05326036699989345,108,5585,62,16,49,53,66,36,57,54
4,6440,63,0.03140665099999751,108,5648,52,26,47,56,63,42,57,60
4,6502,59,0.05412177199832513,108,5707,55,24,45,62,59,36,56,56
4,6561,56,0.057726492999790935,108,5763,54,29,38,58,56,30,55,59
4,6623,52,0.09107037200010382,108,5815,50,27,42,49,52,35,62,55
4,6683,60,0.047165785003016936,108,5875,36,23,47,59,60,29,54,42
4,6737,45,0.1909887260007963,108,5920,47,26,32,54,45,21,50,48
3,6791,54,0.0934695069990994,108,5974,47,26,34,54,52,26,49,50
3,6846,55,0.1014706109999679,108,6029,44,35,36,55,53,36,46,41
3,6905,59,0.10305993800284341,108,6088,49,29,29,59,56,30,39,43
3,6955,45,0.05319609800062608,108,6133,50,30,41,45,49,26,48,45
1,7014,33,0.19929105900155264,108,6166,59,33,39,51,49,32,39,38
0,7070,55,0.11194135800178628,108,6221,55,34,41,56,52,33,37,46
0,7126,55,0.17342661600196152,108,6276,55,31,48,56,41,40,36,44
0,7183,52,0.15746511200268287,108,6328,52,32,42,57,46,39,44,48
6,7233,49,0.12908379800137482,108,6377,50,29,47,48,44,40,49,42
7,7284,47,0.2572774379987095,108,6424,42,26,44,51,43,31,51,47
5,7349,29,0.3801803189999191,108,6453,36,32,49,65,38,29,49,54
4,7409,36,0.43849697900077445,108,6489,40,31,35,60,36,31,51,48
3,7477,68,0.20711876099812798,108,6557,44,29,43,68,45,30,52,48
3,7529,51,0.25171836499794153,108,6608,44,34,52,51,37,35,49,51
3,7585,56,0.003661534999992,108,6664,39,27,41,56,44,33,43,45
3,7644,59,0.04042649400071241,108,6723,41,30,39,59,43,27,55,38
3,7703,59,0.0005084139993414283,108,6782,45,31,44,59,46,34,43,41
3,7759,56,0.05193091799810645,108,6838,38,37,40,56,41,28,51,44
3,7813,54,0.3165618519997224,108,6892,50,35,39,54,40,27,45,43
3,7865,48,0.35469622599703143,108,6940,50,29,36,48,47,21,52,39
3,7928,63,0.025951604002329987,108,7003,48,40,43,63,52,28,54,56
3,7986,54,0.09494216900202446,108,7057,41,33,52,54,46,26,58,43
3,8051,65,0.13509219600018696,108,7122,52,33,56,65,55,27,65,49
3,8108,50,0.11776590000226861,108,7172,48,41,56,50,49,32,57,50
3,8182,53,0.10911285899783252,108,7225,34,38,45,53,62,18,74,58
3,8249,52,0.09853252699758741,108,7277,47,38,41,52,57,21,67,54
3,8319,44,0.025580056000762852,108,7321,46,36,50,44,58,14,70,50
3,8384,51,0.06732040799761307,108,7372,45,39,53,51,57,21,65,59
3,8447,46,0.05957881200083648,108,7418,40,35,51,46,57,22,63,58
3,8511,48,0.08465411699944525,108,7466,36,40,45,48,50,27,64,62
3,8577,47,0.10442486699685105,108,7513,44,37,48,47,48,29,66,63
3,8638,44,0.04267599700324354,108,7557,46,39,45,44,47,22,61,57
3,8701,50,0.029578493998997146,108,7607,43,42,51,50,45,24,63,57
3,8761,48,0.027226164998864988,108,7655,40,44,53,48,40,28,56,60
0,8816,44,0.29258298999775434,108,7699,44,48,48,41,31,27,55,49
0,8870,37,0.1217140409971762,108,7736,37,34,45,47,40,29,53,54
1,8929,41,0.05104218699852936,108,7777,51,41,37,45,34,28,59,50
1,8994,34,0.17794610599958105,108,7811,46,34,51,48,38,37,48,65
3,9056,41,0.12612632799937273,108,7852,38,54,49,41,27,31,50,62
3,9118,49,0.07610049199865898,108,7901,44,56,50,49,32,26,51,62
3,9178,60,0.023712477999652037,108,7961,49,56,44,60,27,28,51,59
3,9248,48,0.8735088960020221,108,8009,42,47,40,48,29,27,48,70
4,9319,29,2.0388995289977174,108,8038,44,53,53,47,29,30,50,71
2,9385,49,0.581363290999434,108,8087,38,55,49,45,32,43,36,66
2,9446,51,0.2892400839991751,108,8138,40,55,51,40,34,39,48,61
2,9508,48,0.18880781100233435,108,8186,45,54,48,39,39,30,43,62
2,9577,50,0.086504535000131,108,8236,42,51,50,40,45,36,35,69
2,9648,55,0.12038971400033915,108,8291,40,50,55,45,34,39,37,71
2,9712,57,0.028794191999622853,108,8348,37,57,57,51,36,41,36,64
2,9784,64,0.06744748599885497,108,8412,37,48,64,50,36,46,39,72
2,9843,57,0.1805243109993171,108,8469,32,55,57,39,31,39,40,59
2,9903,56,0.022343438999087084,108,8525,41,54,56,42,32,42,31,60
2,9962,46,0.4588339130023087,108,8571,46,57,46,48,41,40,40,59
2,10013,49,0.13215876100002788,108,8620,38,48,49,49,33,37,38,51
2,10066,53,0.0034206460004497785,108,8673,43,48,53,34,36,41,37,48
2,10126,60,0.36028485700080637,108,8733,41,41,60,50,34,40,37,50
2,10183,52,0.1320454950000567,108,8785,41,46,52,45,31,43,47,57
2,10243,60,0.04833683499964536,108,8845,38,48,60,44,39,38,49,60
2,10303,56,0.16839774400068563,108,8901,34,49,56,44,40,40,52,60
2,10358,52,0.010922623001533793,108,8953,45,44,52,48,39,49,43,55
2,10423,65,0.3359291550004855,108,9018,41,41,65,46,30,36,41,57
2,10486,58,0.05390153999906033,108,9076,29,36,58,45,30,45,48,63
2,10543,57,0.13190226200094912,108,9133,42,30,57,46,34,48,48,55
2,10599,48,0.01851284499934991,108,9181,38,31,48,39,36,46,38,56
2,10661,57,0.20247249599924544,108,9238,41,35,57,38,32,62,49,51
2,10722,61,0.11623543700261507,108,9299,38,34,61,49,32,55,45,51
2,10782,60,0.2868640110027627,108,9359,41,41,60,53,23,57,46,55
2,10857,59,0.04339988100036862,108,9418,44,40,59,51,27,75,49,53
2,10919,60,0.056082085000525694,108,9478,45,36,60,50,26,62,47,54
2,10975,54,0.03504082599829417,108,9532,49,30,54,50,29,50,56,51
2,11032,57,0.04764117499871645,108,9589,44,32,57,51,34,55,53,45
2,11104,72,0.07825786900139065,108,9661,46,33,72,46,24,53,51,44
2,11175,71,0.05535574699752033,108,9732,46,39,71,44,22,63,41,51
2,11241,66,0.08519004600020708,108,9798,52,35,66,36,33,61,65,60
2,11310,69,0.4566406929989171,108,9867,48,45,69,45,30,63,60,59
2,11376,64,0.17111273999762489,108,9931,44,43,64,41,41,66,51,59
2,11439,63,0.015039874997455627,108,9994,49,36,63,42,23,57,44,52
0,11495,42,0.09435722499983967,108,10036,42,43,56,38,19,44,47,54
1,11551,43,0.1447680900018895,108,10079,51,43,56,32,21,54,47,51
3,11608,34,0.5488275560019247,108,10113,41,41,57,34,24,51,52,56
4,11670,25,0.9645293200010201,108,10138,51,45,58,41,25,62,47,48
5,11731,56,0.5374626620032359,108,10194,42,50,61,32,30,56,44,46
7,11789,55,0.17292208300204948,108,10249,38,48,58,31,24,53,50,55
7,11854,52,0.4159442010022758,108,10301,42,43,65,36,24,54,52,52
2,11912,57,0.2539119920002122,108,10358,41,52,57,32,29,58,46,57
2,11979,58,0.3298419390011986,108,10416,39,50,58,35,33,55,67,60
2,12044,65,0.20333046599989757,108,10481,43,45,65,34,35,59,62,61
6,12115,63,0.22184308700161637,108,10544,40,41,71,39,38,56,63,53
6,12181,66,0.17877794299784,108,10610,33,32,59,34,43,57,66,56
6,12245,60,0.05753193199780071,108,10670,35,42,58,30,35,52,60,64
6,12305,59,0.03788892000011401,108,10729,27,31,57,37,43,60,59,54
6,12372,65,0.09565542999916943,108,10794,29,35,67,32,31,57,65,62
6,12443,54,0.008101608000288252,108,10848,44,32,71,34,34,63,54,57
6,12508,61,0.07842253999842796,108,10909,41,37,65,29,37,50,61,50
2,12576,68,0.07756459200027166,108,10977,30,38,68,27,38,59,48,51
2,12634,58,0.23143455600074958,108,11035,36,36,58,26,34,56,54,49
2,12694,60,0.30795767699964927,108,11095,32,44,60,29,44,56,51,53
