choice,max_possible,points,reaction_time,subject,total_points,0,1,2,3
1,56,51,1.2290026159971603,108,51,45,51,56,48
1,108,44,0.18315395600075135,108,95,44,44,52,52
2,168,55,0.265074482998898,108,150,56,50,55,60
3,228,60,0.1990060040006938,108,210,46,42,57,60
0,293,57,0.22946556699753273,108,267,57,42,65,58
3,359,66,0.19385714199961512,108,333,50,39,55,66
3,429,70,0.1606294160010293,108,403,60,36,50,70
3,491,62,0.1477075619986863,108,465,60,45,57,62
3,559,68,0.46915247200013255,108,533,54,47,51,68
3,623,64,0.1380877080009668,108,597,57,59,57,64
3,688,65,0.10292473599838559,108,662,55,44,61,65
3,763,75,0.18919643399931374,108,737,55,52,63,75
3,844,81,0.0990678400012257,108,818,56,46,51,81
3,926,82,0.15866070399715682,108,900,52,46,48,82
3,996,70,0.2861236290009401,108,970,55,47,53,70
0,1074,48,0.5876800540027034,108,1018,48,44,45,78
1,1146,44,0.47365065200210665,108,1062,58,44,48,72
3,1219,73,0.7235232240018377,108,1135,61,41,49,73
3,1299,80,0.0009414989981451072,108,1215,61,36,48,80
3,1385,86,0.28672674799963715,108,1301,60,40,41,86
3,1460,75,0.040164813999581384,108,1376,49,45,40,75
3,1540,80,0.29373800800021854,108,1456,47,47,44,80
3,1605,65,0.1452933069995197,108,1521,52,46,45,65
3,1679,74,0.31924959200114245,108,1595,56,50,43,74
3,1758,79,0.24625431399908848,108,1674,58,36,44,79
3,1846,88,0.07521586700022453,108,1762,52,45,46,88
3,1932,86,0.08773620099964319,108,1848,62,43,50,86
3,2025,93,0.07379317300001276,108,1941,58,43,45,93
3,2104,79,0.029982603999087587,108,2020,69,50,50,79
3,2183,79,0.29417129200010095,108,2099,71,41,55,79
3,2261,78,0.04032978100076434,108,2177,75,54,49,78
3,2327,66,0.34769921399856685,108,2243,62,45,48,66
3,2401,74,0.003924202999769477,108,2317,67,43,40,74
1,2460,36,0.27700490299685043,108,2353,57,36,36,59
3,2529,59,0.12531603499883204,108,2412,69,45,38,59
3,2605,70,0.04010741900128778,108,2482,76,45,40,70
3,2674,69,0.23736146400187863,108,2551,67,48,35,69
3,2746,63,0.0871103929966921,108,2614,72,43,32,63
3,2820,63,0.19492757400075789,108,2677,74,45,44,63
3,2886,64,0.09368831900064833,108,2741,66,33,49,64
3,2955,69,0.04548734200216131,108,2810,62,48,36,69
3,3023,68,0.15210430499791983,108,2878,68,43,22,68
3,3090,67,0.01892060099999071,108,2945,63,42,30,67
3,3157,67,0.0045280539998202585,108,3012,61,51,33,67
3,3223,66,0.8183262780003133,108,3078,55,48,39,66
2,3293,36,0.44955487699917285,108,3114,56,48,36,70
2,3356,30,0.20308900899908622,108,3144,57,51,30,63
0,3413,56,0.03614322100111167,108,3200,56,39,36,57
0,3486,73,0.1079869260029227,108,3273,73,36,41,56
0,3555,69,0.08270093399914913,108,3342,69,36,37,60
0,3615,60,0.000665292998746736,108,3402,60,34,31,56
0,3677,61,0.03299914699891815,108,3463,61,33,31,62
3,3738,58,0.17109047700068913,108,3521,61,30,28,58
3,3805,60,0.4734937640023418,108,3581,67,25,30,60
3,3862,55,0.25508397400335525,108,3636,57,30,22,55
0,3928,66,0.08033796599920606,108,3702,66,31,28,53
0,3989,61,0.05279922199770226,108,3763,61,37,27,57
0,4051,62,0.043258490000880556,108,3825,62,34,32,48
0,4110,54,0.04719644999931916,108,3879,54,33,28,59
1,4173,34,0.14199638699938077,108,3913,63,34,38,59
0,4241,68,0.2132608279971464,108,3981,68,34,33,65
0,4312,71,0.16739454900016426,108,4052,71,36,32,60
0,4375,63,0.06005287899824907,108,4115,63,40,34,60
0,4445,70,0.035115721002512146,108,4185,70,36,39,57
0,4506,61,0.5367691700012074,108,4246,61,27,34,59
0,4566,59,0.07846455899925786,108,4305,59,35,40,60
0,4635,69,0.013550727999245282,108,4374,69,31,31,60
3,4710,55,0.16048000899900217,108,4429,75,22,32,55
3,4777,59,0.10513842000000295,108,4488,67,23,21,59
3,4859,60,0.10185874300077558,108,4548,82,26,20,60
3,4936,63,0.04379398799937917,108,4611,77,19,21,63
3,5004,62,0.011287752000498585,108,4673,68,17,21,62
3,5072,62,0.0379016570004751,108,4735,68,31,37,62
3,5147,64,0.05290428000080283,108,4799,75,25,26,64
3,5218,67,0.035186231998523,108,4866,71,27,20,67
3,5285,64,0.05352089900043211,108,4930,67,33,27,64
3,5355,55,0.017840229997091228,108,4985,70,37,30,55
3,5430,60,0.16126214299947605,108,5045,75,32,37,60
3,5505,53,0.019511993999913102,108,5098,75,36,35,53
0,5575,70,0.1403314519993728,108,5168,70,33,38,63
0,5641,66,0.34218993299873546,108,5234,66,35,39,46
0,5716,75,0.08475080199787044,108,5309,75,39,39,51
0,5782,66,0.010108196998771746,108,5375,66,25,44,53
0,5850,68,0.5667840149981203,108,5443,68,25,46,51
0,5920,70,0.026865982999879634,108,5513,70,26,38,44
0,5997,77,0.04937843199877534,108,5590,77,33,43,51
0,6065,68,0.39116674099932425,108,5658,68,19,34,48
0,6137,72,0.022320337997371098,108,5730,72,20,42,52
0,6212,75,0.45755686400298146,108,5805,75,20,39,53
0,6284,72,0.14375595100136707,108,5877,72,15,32,59
0,6346,62,0.022579640997719252,108,5939,62,17,32,57
0,6415,69,0.5680185099990922,108,6008,69,19,21,53
0,6487,72,0.17068767000091611,108,6080,72,25,25,52
0,6556,69,0.13800797699877876,108,6149,69,30,27,57
0,6620,64,0.02166443500027526,108,6213,64,18,22,50
2,6681,23,0.01749607799865771,108,6236,59,17,23,61
1,6740,13,0.07730107300085365,108,6249,59,13,25,59
0,6803,63,0.2452447059986298,108,6312,63,18,25,60
0,6870,67,0.09680095200019423,108,6379,67,1,23,57
0,6934,64,0.008568343000661116,108,6443,64,9,28,51
0,7000,66,0.13286742200216395,108,6509,66,1,27,62
3,7057,57,0.17760875900057727,108,6566,53,3,23,57
0,7110,53,0.1223627569997916,108,6619,53,5,27,52
0,7161,51,0.11148716199750197,108,6670,51,1,25,46
3,7211,32,0.14012433599782526,108,6702,50,1,29,32
0,7260,49,0.2508850929989421,108,6751,49,4,20,38
0,7313,53,0.3771986840001773,108,6804,53,10,31,45
0,7372,59,0.06680421700002626,108,6863,59,3,23,46
0,7431,59,0.48967487499976414,108,6922,59,10,36,40
1,7476,6,0.5107201889986754,108,6928,45,6,28,38
0,7530,54,0.06401281199941877,108,6982,54,7,19,33
0,7581,51,0.053339693000452826,108,7033,51,1,20,39
0,7644,63,0.3539858580006694,108,7096,63,13,24,34
0,7696,52,0.031548155999189476,108,7148,52,16,25,41
0,7751,55,0.08342168400122318,108,7203,55,14,21,29
0,7804,53,0.18052498500037473,108,7256,53,8,26,30
0,7858,54,0.1131589949982299,108,7310,54,6,20,42
0,7917,59,0.060787293001340004,108,7369,59,12,27,37
2,7975,27,0.4094693320002989,108,7396,58,14,27,38
0,8024,49,0.02552772299895878,108,7445,49,9,35,36
0,8070,46,0.10958056599702104,108,7491,46,4,28,39
0,8120,50,0.010345066999434493,108,7541,50,8,33,35
0,8164,39,0.0373352620008518,108,7580,39,12,42,44
0,8218,54,0.49090827299733064,108,7634,54,3,35,40
0,8265,47,0.44221387400102685,108,7681,47,10,38,42
0,8305,40,0.19288798599882284,108,7721,40,12,36,35
0,8353,48,0.36491605499759316,108,7769,48,9,25,36
0,8400,47,0.07872204100203817,108,7816,47,19,27,45
0,8448,48,0.18029089300034684,108,7864,48,6,28,40
0,8494,46,0.2228349800025171,108,7910,46,11,30,46
0,8546,52,0.12374955600171234,108,7962,52,10,28,50
3,8594,48,0.08200084400232299,108,8010,45,13,31,48
3,8637,40,0.16455410400158144,108,8050,43,12,20,40
3,8690,44,0.11180352999872412,108,8094,53,15,26,44
0,8734,42,0.028532891999930143,108,8136,42,11,31,44
0,8781,43,0.3324616630015953,108,8179,43,16,29,47
0,8816,31,0.08673298900248483,108,8210,31,23,31,35
3,8859,43,0.25165681499856873,108,8253,37,15,31,43
3,8898,39,0.11125631700269878,108,8292,38,19,31,39
3,8937,39,0.07155707299898495,108,8331,35,20,32,39
3,8981,38,0.000988857002084842,108,8369,44,23,27,38
3,9018,37,0.17768067600263748,108,8406,37,26,30,37
3,9059,41,0.17090906300290953,108,8447,36,15,31,41
3,9099,40,0.06502516000182368,108,8487,38,20,33,40
3,9147,48,0.4911175000015646,108,8535,28,21,25,48
3,9195,48,0.024920143001509132,108,8583,27,22,22,48
3,9236,41,0.6092683980023139,108,8624,23,11,32,41
3,9278,42,0.11806951700054924,108,8666,27,23,37,42
3,9327,49,0.028185719998873537,108,8715,25,20,30,49
3,9367,40,0.0025846019998425618,108,8755,24,23,23,40
3,9408,41,0.04583748299774015,108,8796,18,25,35,41
3,9444,36,0.01762824300021748,108,8832,21,27,29,36
3,9487,43,0.04296384799818043,108,8875,23,25,31,43
0,9529,25,0.5370438870013459,108,8900,25,26,35,42
0,9571,20,1.004806205000932,108,8920,20,22,24,42
3,9615,44,0.031231886001478415,108,8964,20,27,20,44
3,9653,38,0.5255568659995333,108,9002,25,37,33,38
2,9696,35,0.37704118399778963,108,9037,26,31,35,43
2,9742,34,0.050544405999971787,108,9071,24,30,34,46
3,9803,61,0.1608217210014118,108,9132,23,40,38,61
3,9847,44,0.14113108699893928,108,9176,28,26,35,44
3,9893,46,0.19004040000072564,108,9222,28,30,34,46
3,9937,44,0.21022986300158664,108,9266,28,22,37,44
3,9975,38,0.2555061699968064,108,9304,20,22,35,38
3,10013,34,0.26757620699936524,108,9338,28,22,38,34
3,10056,43,0.16146264499911922,108,9381,21,23,38,43
0,10101,21,0.07480333499916014,108,9402,21,29,40,45
1,10143,21,0.052280072999565164,108,9423,31,21,42,40
2,10185,42,0.09758720800164156,108,9465,27,34,42,42
2,10225,40,0.10540276600295329,108,9505,33,25,40,38
3,10264,39,0.00997009000275284,108,9544,25,27,33,39
3,10300,36,0.0898227149991726,108,9580,25,29,34,36
3,10341,36,0.12526570200134302,108,9616,27,31,41,36
2,10392,51,0.19978825799989863,108,9667,33,33,51,40
2,10448,56,0.006447678999393247,108,9723,32,52,56,36
2,10501,53,0.7960607660024834,108,9776,29,46,53,25
2,10550,49,0.12097071700191009,108,9825,29,45,49,38
2,10599,46,0.007635792000655783,108,9871,20,49,46,33
2,10653,54,0.00998024300133693,108,9925,21,48,54,34
2,10708,55,0.4123176950015477,108,9980,30,50,55,30
2,10763,55,0.030226848997699562,108,10035,43,47,55,32
2,10811,47,0.03743226900041918,108,10082,34,48,47,31
2,10855,40,0.5980602089985041,108,10122,35,44,40,31
2,10909,54,0.009444817002076888,108,10176,31,52,54,29
2,10962,47,0.07118348400035757,108,10223,34,53,47,38
2,11022,49,0.6025975940028729,108,10272,33,60,49,31
2,11076,45,0.027090438998129684,108,10317,26,54,45,29
2,11135,34,0.14533144000233733,108,10351,35,59,34,31
2,11202,41,0.0849668919981923,108,10392,29,67,41,26
2,11266,44,0.082459719000326,108,10436,27,64,44,31
2,11328,39,0.001389262997690821,108,10475,33,62,39,39
2,11398,45,0.6212292210002488,108,10520,28,70,45,34
2,11460,37,0.03687944299963419,108,10557,24,62,37,27
2,11520,39,0.7095200539988582,108,10596,24,60,39,36
2,11575,32,0.07155042100202991,108,10628,30,55,32,27
2,11637,36,0.024172863999410765,108,10664,27,62,36,32
1,11696,59,0.07377919999998994,108,10723,30,59,35,24
1,11746,50,0.009717093002109323,108,10773,29,50,42,25
1,11794,48,0.00843561700094142,108,10821,22,48,45,37
1,11840,45,0.4616814279979735,108,10866,31,45,46,23
