choice,max_possible,points,reaction_time,subject,total_points,0,1,2,3
0,59,54,0.40475420907023363,105,54,54,52,59,45
1,113,54,0.13660222542239353,105,108,50,54,54,48
2,168,54,0.502872174634831,105,162,55,52,54,44
3,235,49,0.15746685396879911,105,211,67,50,55,49
1,297,55,0.023588634212501347,105,266,62,55,50,52
2,353,49,0.01057216277695261,105,315,55,52,49,56
0,411,58,0.09830037664505653,105,373,58,55,49,49
1,478,50,0.08482243723119609,105,423,48,50,54,67
2,537,48,0.051734345470322296,105,471,46,59,48,48
0,596,46,0.02325773407937959,105,517,46,51,52,59
3,651,55,0.10013536823680624,105,572,42,52,48,55
1,703,52,0.0908791254623793,105,624,39,52,47,40
2,760,47,0.14149660296970978,105,671,40,57,47,43
0,820,43,0.1620738540950697,105,714,43,60,45,37
1,890,70,0.15644791204249486,105,784,39,70,49,43
1,955,65,0.07036587822949514,105,849,44,65,49,55
1,1024,69,0.1806669845536817,105,918,37,69,56,54
1,1083,55,0.11556414631195366,105,973,32,55,59,47
1,1147,64,0.045565010339487344,105,1037,37,64,48,50
2,1202,48,0.03453841991722584,105,1085,42,55,48,45
3,1259,52,0.11724488850450143,105,1137,38,57,38,52
3,1322,50,0.1354757569206413,105,1187,47,63,37,50
3,1388,51,0.12941330834291875,105,1238,49,66,47,51
3,1451,63,0.11908052008948289,105,1301,42,60,45,63
1,1518,67,0.14602295821532607,105,1368,49,67,45,53
1,1579,61,0.05471500667044893,105,1429,47,61,41,52
1,1645,66,0.02575196570251137,105,1495,53,66,41,50
0,1716,44,0.002357263321755454,105,1539,44,71,40,55
1,1782,66,0.14819141002953984,105,1605,54,66,46,59
0,1842,52,0.531642563873902,105,1657,52,60,46,53
1,1903,61,0.038689072302076966,105,1718,49,61,38,52
2,1969,40,0.10102630240726285,105,1758,54,66,40,46
1,2032,63,0.06735897544422187,105,1821,58,63,40,48
1,2100,64,0.12442164483945817,105,1885,68,64,36,47
1,2168,53,0.17969668554724194,105,1938,68,53,37,56
1,2229,54,0.16330784911406226,105,1992,61,54,39,45
1,2288,59,0.1525462348072324,105,2051,55,59,35,40
3,2358,41,0.39073799684410915,105,2092,62,70,41,41
1,2419,61,0.15754749887855724,105,2153,52,61,35,41
1,2485,66,0.1165702874714043,105,2219,54,66,51,48
1,2553,68,0.16085714011569507,105,2287,49,68,45,56
1,2617,64,0.12049884634325281,105,2351,55,64,44,60
1,2684,51,0.20455131671042182,105,2402,67,51,42,63
1,2748,57,0.1868081579450518,105,2459,58,57,46,64
1,2816,51,0.12964116217335686,105,2510,58,51,45,68
1,2875,59,0.13312297387165017,105,2569,59,59,50,59
1,2932,50,0.12697732023661956,105,2619,55,50,57,55
2,2998,51,0.10022369358921424,105,2670,54,54,51,66
1,3067,58,0.16287454278790392,105,2728,69,58,49,60
0,3135,68,0.13261222283472307,105,2796,68,50,45,68
1,3200,53,0.14489392956602387,105,2849,56,53,53,65
0,3277,61,0.14061014910112135,105,2910,61,53,41,77
0,3350,60,0.08901341201271862,105,2970,60,44,50,73
0,3420,63,0.16226778586860746,105,3033,63,49,45,70
0,3498,59,0.13922766502946615,105,3092,59,56,55,78
0,3578,67,0.10636486698058434,105,3159,67,58,49,80
1,3648,57,0.02859181837993674,105,3216,55,57,42,70
0,3722,65,0.0897424163413234,105,3281,65,53,45,74
0,3792,55,0.15521839729626663,105,3336,55,54,44,70
0,3872,64,0.01996601393329911,105,3400,64,61,44,80
0,3945,61,0.10068644172861241,105,3461,61,55,39,73
0,4021,73,0.12362223622039892,105,3534,73,63,42,76
0,4099,68,0.18671407221700065,105,3602,68,59,42,78
0,4175,63,0.017502504138974473,105,3665,63,58,58,76
0,4254,65,0.9194018196430989,105,3730,65,67,50,79
0,4331,66,0.13094556151190773,105,3796,66,66,61,77
2,4407,55,0.6400133128045127,105,3851,56,62,55,76
0,4483,68,0.1642256649211049,105,3919,68,54,58,76
0,4561,69,0.023467666818760335,105,3988,69,62,46,78
0,4637,69,0.38214163421071135,105,4057,69,55,60,76
0,4715,63,0.1115581427293364,105,4120,63,57,58,78
0,4792,71,0.03644637594697997,105,4191,71,52,63,77
1,4866,60,0.04326727066654712,105,4251,68,60,65,74
0,4937,62,0.1318140942894388,105,4313,62,56,60,71
1,5014,49,0.01910260142176412,105,4362,60,49,59,77
0,5091,65,0.08002278537605889,105,4427,65,51,57,77
0,5173,61,0.01617890369379893,105,4488,61,58,63,82
0,5248,60,0.06311359730898403,105,4548,60,50,60,75
0,5327,59,0.11368243189645,105,4607,59,51,67,79
0,5416,66,0.21130052709486336,105,4673,66,53,56,89
0,5501,67,0.6604644762410317,105,4740,67,48,65,85
0,5577,68,0.7251903315773234,105,4808,68,43,57,76
0,5665,63,0.1624373962113168,105,4871,63,47,55,88
0,5753,55,0.0370755342009943,105,4926,55,44,61,88
0,5839,51,0.14320934715215117,105,4977,51,49,51,86
0,5932,51,0.041055936191696674,105,5028,51,47,44,93
3,6028,96,0.06617042314610444,105,5124,55,39,41,96
3,6128,100,0.025217533227987587,105,5224,43,45,41,100
3,6217,89,0.45737628848291934,105,5313,49,44,42,89
3,6316,99,0.06146933732088655,105,5412,51,33,43,99
3,6416,100,0.2294283492374234,105,5512,47,32,33,100
3,6516,100,0.2479549156560097,105,5612,50,34,40,100
3,6610,94,0.16563823079923168,105,5706,61,29,42,94
3,6705,95,0.16768123500514776,105,5801,61,32,28,95
3,6798,93,0.1395214429066982,105,5894,60,27,32,93
3,6889,91,0.20579043208272196,105,5985,57,33,34,91
3,6986,97,0.1276359202747699,105,6082,59,33,46,97
3,7076,90,0.06557454692665488,105,6172,60,31,43,90
3,7164,88,0.18057353887706995,105,6260,62,40,32,88
3,7238,74,0.05357253720285371,105,6334,63,42,40,74
3,7319,81,0.045335236383834854,105,6415,60,44,43,81
3,7398,79,0.08422272076131776,105,6494,59,50,50,79
3,7472,74,0.15213532981579192,105,6568,62,54,49,74
3,7548,76,0.136447336000856,105,6644,65,55,52,76
3,7617,69,0.00770094821928069,105,6713,55,58,47,69
3,7693,76,0.038689072302076966,105,6789,54,57,44,76
3,7773,80,0.004662043444113806,105,6869,56,67,55,80
3,7856,83,0.02787881504627876,105,6952,62,63,58,83
3,7937,81,0.030232878139941022,105,7033,57,57,58,81
3,8012,75,0.02387089133844711,105,7108,58,62,57,75
3,8094,82,0.002720805408898741,105,7190,60,55,60,82
3,8165,71,0.1590739917010069,105,7261,64,64,61,71
3,8240,73,0.20437594605027698,105,7334,75,59,61,73
3,8307,63,2.006403589359252,105,7397,55,67,66,63
2,8378,63,0.15057043469278142,105,7460,66,58,63,71
3,8455,77,0.09765521745430306,105,7537,62,54,64,77
2,8528,65,0.12969364537275396,105,7602,57,60,65,73
3,8603,75,0.03461458458332345,105,7677,54,63,73,75
3,8685,82,0.059487136837560683,105,7759,56,78,71,82
3,8777,92,0.5527331261837389,105,7851,62,62,76,92
1,8851,57,0.3875454827793874,105,7908,57,57,66,74
3,8936,85,0.21380435931496322,105,7993,55,56,64,85
3,9021,85,0.24111289964639582,105,8078,57,58,69,85
3,9109,88,0.1272173348115757,105,8166,59,49,69,88
3,9199,90,0.3061088514223229,105,8256,40,49,63,90
3,9281,82,0.15655031826463528,105,8338,48,45,62,82
3,9364,83,0.21395668855984695,105,8421,43,45,66,83
3,9456,92,0.018911229795776308,105,8513,47,48,64,92
3,9556,100,0.08024423886672594,105,8613,45,52,71,100
3,9645,89,0.29337847742135637,105,8702,56,42,68,89
3,9740,95,0.29464767457102425,105,8797,52,41,74,95
3,9835,95,0.14653178915614262,105,8892,53,35,67,95
3,9934,99,0.2610405112791341,105,8991,45,43,72,99
3,10026,92,0.12950163369532675,105,9083,52,52,71,92
3,10117,91,0.29421692839241587,105,9174,49,45,79,91
3,10210,93,0.04723743203794584,105,9267,51,39,73,93
3,10303,93,0.03292296172003262,105,9360,50,43,69,93
3,10391,88,0.5639581286523025,105,9448,52,45,81,88
3,10478,87,0.13508853339590132,105,9535,52,43,66,87
3,10574,96,0.1429226096952334,105,9631,48,49,70,96
3,10659,85,0.07455429289257154,105,9716,46,52,64,85
3,10741,82,0.08304376906016842,105,9798,43,48,66,82
3,10823,82,0.1989029732940253,105,9880,43,50,69,82
3,10893,70,0.01004285059752874,105,9950,40,60,67,70
3,10962,69,0.21080641701701097,105,10019,47,58,55,69
3,11046,84,0.2778767349082045,105,10103,40,43,49,84
3,11131,85,0.01292302572983317,105,10188,37,49,54,85
3,11220,89,0.1331511355820112,105,10277,47,52,65,89
3,11309,89,0.06358082572114654,105,10366,41,52,54,89
3,11399,90,0.13798406944260933,105,10456,41,49,53,90
3,11484,85,0.13827784729073755,105,10541,39,43,62,85
3,11558,74,0.06916900546639226,105,10615,41,48,53,74
3,11637,79,0.140635110612493,105,10694,48,47,58,79
3,11716,79,0.09848726802738383,105,10773,45,49,58,79
3,11801,85,0.009874520386802033,105,10858,55,43,55,85
3,11878,77,0.031547518097795546,105,10935,64,40,50,77
3,11955,77,0.08712657730211504,105,11012,68,42,52,77
0,12031,60,0.008786454214714468,105,11072,60,54,49,76
3,12099,68,0.04062006971798837,105,11140,63,53,44,68
1,12176,52,0.15206876577576622,105,11192,52,52,49,77
3,12257,81,0.16335265184170566,105,11273,59,48,51,81
2,12339,57,0.11460792814614251,105,11330,62,47,57,82
3,12410,71,0.13100060482975096,105,11401,64,48,51,71
3,12486,76,0.04284676507813856,105,11477,59,53,48,76
3,12556,70,0.027762967976741493,105,11547,57,50,35,70
3,12636,80,0.08789206383517012,105,11627,58,46,42,80
3,12711,75,0.055426089907996356,105,11702,58,44,50,75
3,12780,69,0.2673724162450526,105,11771,48,44,43,69
3,12847,67,0.1519529187353328,105,11838,55,45,53,67
3,12908,61,0.12426227514515631,105,11899,56,46,57,61
3,12980,72,0.1980209996982012,105,11971,52,46,65,72
3,13052,72,0.12385329027893022,105,12043,45,50,51,72
3,13115,63,0.016914948413614184,105,12106,41,52,55,63
3,13180,65,0.08776533615309745,105,12171,47,54,45,65
3,13236,52,0.052350062906043604,105,12223,46,56,47,52
3,13295,47,0.08063530264189467,105,12270,46,59,45,47
2,13350,47,0.02499287956743501,105,12317,53,55,47,55
2,13408,54,0.12518073097453453,105,12371,47,42,54,58
1,13459,51,0.1238776117679663,105,12422,45,51,47,50
0,13516,37,0.0017978693067561835,105,12459,37,57,48,50
1,13572,55,0.09800851892214268,105,12514,37,55,56,54
1,13628,56,0.1364108537673019,105,12570,39,56,55,48
3,13679,51,0.20207628625212237,105,12621,40,51,51,51
3,13741,47,0.05786847841227427,105,12668,49,62,51,47
1,13805,64,0.025355781632242724,105,12732,35,64,52,51
3,13866,47,0.1303887276444584,105,12779,41,61,43,47
1,13928,62,0.07175796286901459,105,12841,44,62,52,54
2,13993,54,0.0017357855394948274,105,12895,47,65,54,51
1,14053,54,0.09722127104760148,105,12949,39,54,60,53
0,14131,45,0.025401864433661103,105,12994,45,78,44,60
1,14199,68,0.005570258683292195,105,13062,39,68,46,49
1,14270,71,0.19175757886841893,105,13133,49,71,43,44
1,14339,69,0.003429968550335616,105,13202,46,69,47,49
1,14409,70,0.00637350749457255,105,13272,45,70,56,40
1,14485,76,0.1258591722289566,105,13348,44,76,63,52
1,14568,83,0.015960650402121246,105,13431,46,83,56,51
1,14637,69,0.01696359139168635,105,13500,47,69,54,56
1,14711,74,0.02701220233575441,105,13574,49,74,58,53
1,14777,66,0.0430003744259011,105,13640,49,66,47,51
1,14854,77,0.05171450425405055,105,13717,49,77,51,49
