choice,max_possible,points,reaction_time,subject,total_points,0,1,2,3,4,5,6,7
0,90,54,1.9917601390188793,103,54,54,28,90,62,47,49,66,54
7,168,48,0.9207497415845864,103,102,64,27,78,64,48,54,70,48
1,251,27,3.003277639283624,103,129,64,27,83,58,47,58,68,45
2,332,81,1.1882885679442552,103,210,61,40,81,75,41,61,68,53
2,410,78,0.3362143618360278,103,288,52,38,78,70,52,49,74,58
2,491,81,0.01976568175450666,103,369,57,38,81,67,57,54,64,55
2,572,73,0.06776027982414234,103,442,53,33,73,55,58,50,81,53
3,652,62,0.09656587120844051,103,504,45,39,80,62,52,56,71,49
4,724,49,1.2645850467743003,103,553,56,44,72,63,49,41,69,40
6,799,75,0.07232055709027918,103,628,51,37,75,58,49,50,75,53
5,879,47,0.5448996899067424,103,675,51,26,74,64,58,47,80,53
2,958,74,0.03650333939731354,103,749,58,35,74,64,53,52,79,51
5,1045,58,0.14616440678946674,103,807,57,36,87,75,53,58,76,65
2,1133,88,1.1511605505584157,103,895,54,32,88,63,62,51,86,54
2,1219,86,0.23476691383257275,103,981,55,42,86,64,63,62,78,53
2,1293,71,0.42501912116858875,103,1052,51,33,71,68,63,66,74,57
2,1370,63,1.2790454459682223,103,1115,54,45,63,71,67,59,77,59
1,1451,34,0.23370316915679723,103,1149,49,34,71,69,63,61,81,50
2,1534,68,0.5899955517306807,103,1217,56,40,68,73,62,58,83,48
0,1616,42,0.4702289099150221,103,1259,42,38,82,73,58,65,71,43
3,1704,67,0.08700240975304041,103,1326,47,28,88,67,70,63,79,47
2,1782,68,0.13956304543535225,103,1394,56,43,68,72,68,64,78,47
2,1863,81,0.2851930197357433,103,1475,54,30,81,69,64,62,70,47
2,1931,64,0.4848659598501399,103,1539,50,24,64,68,65,58,68,50
4,2004,63,0.3414498801503214,103,1602,64,25,73,62,63,65,64,50
7,2076,54,0.09722255113592837,103,1656,56,30,72,60,52,59,64,54
2,2140,63,1.2368547207661322,103,1719,56,29,63,62,64,52,62,53
6,2208,68,3.7389754897085368,103,1787,59,40,68,65,66,42,68,57
5,2279,43,0.2551905555810663,103,1830,41,37,67,71,61,43,65,46
2,2349,63,0.2528128110207035,103,1893,49,30,63,70,59,43,68,53
2,2425,68,0.39437789817748126,103,1961,50,42,68,72,76,43,66,52
3,2497,66,0.4933906381484121,103,2027,57,37,67,66,72,49,66,50
0,2578,59,0.5352024603125756,103,2086,59,38,70,67,81,52,68,48
1,2652,44,0.27628175792779075,103,2130,51,44,70,74,63,39,71,47
3,2726,70,0.21803757668385515,103,2200,54,41,72,70,64,41,74,49
3,2810,84,0.3134270563678001,103,2284,59,36,68,84,65,40,73,45
3,2879,69,0.12570812305057188,103,2353,64,31,67,69,58,41,66,44
3,2948,68,0.3454117210349068,103,2421,58,41,69,68,58,41,68,50
3,3026,73,0.4931832655420294,103,2494,62,31,78,73,54,46,69,43
3,3100,74,0.5586726873007137,103,2568,67,41,66,74,53,43,71,42
4,3178,64,0.7302389585238416,103,2632,57,42,67,78,64,50,71,44
3,3247,69,0.1425853091859608,103,2701,64,35,69,69,55,38,68,44
3,3317,58,0.23083067451079842,103,2759,56,42,70,58,53,48,61,41
2,3383,63,0.3278356124064885,103,2822,60,43,63,65,56,47,66,47
5,3450,57,1.5779890617341152,103,2879,58,45,58,67,46,57,58,43
6,3521,66,0.44135035409999546,103,2945,52,44,71,59,49,56,66,38
7,3593,40,0.02354511154408101,103,2985,60,54,56,62,55,49,72,40
4,3663,55,0.23023863850539783,103,3040,60,43,62,61,55,65,70,44
4,3733,61,0.24571093922713771,103,3101,52,46,65,63,61,56,70,43
3,3804,67,0.11656324705109,103,3168,46,52,62,67,64,55,71,49
2,3876,62,0.4113914125991869,103,3230,51,48,62,56,60,60,72,40
1,3949,46,1.0312498999919626,103,3276,50,46,73,62,54,65,62,49
0,4017,60,0.09823253253853181,103,3336,60,45,68,58,61,66,64,50
3,4092,58,0.40912695491715567,103,3394,47,47,75,58,53,61,54,42
4,4161,55,0.12447156786947744,103,3449,50,50,65,55,55,69,61,49
4,4232,61,0.19098441184905823,103,3510,43,50,62,55,61,71,58,37
5,4307,75,0.3197807226679288,103,3585,44,50,55,61,61,75,62,40
5,4383,76,0.2949843350434094,103,3661,49,43,61,59,59,76,49,48
5,4455,72,0.3294056278609787,103,3733,50,37,52,62,53,72,53,45
5,4531,65,0.2889385274684173,103,3798,55,40,60,76,56,65,57,31
6,4602,45,0.12375024401990231,103,3843,50,51,57,71,61,68,45,32
5,4670,63,0.37862142018275335,103,3906,49,52,64,68,61,63,53,45
5,4736,59,0.4997923073678976,103,3965,53,44,62,66,59,59,59,42
4,4800,56,0.30367286330874776,103,4021,45,46,63,59,56,54,64,43
5,4857,49,0.19125322820036672,103,4070,57,43,57,55,56,49,45,36
2,4915,52,0.6269802003953373,103,4122,48,48,52,58,57,54,47,39
3,4974,54,0.38783158016303787,103,4176,39,50,48,54,59,52,45,39
1,5034,51,0.6896195288645686,103,4227,43,51,55,45,60,50,38,46
0,5100,45,0.35712187301396625,103,4272,45,54,66,55,62,48,46,43
4,5170,70,0.6194418220693478,103,4342,51,49,65,50,70,55,54,49
4,5240,68,0.0896464105026098,103,4410,47,55,70,47,68,57,45,48
4,5309,64,0.40090437498292886,103,4474,50,57,69,41,64,59,39,41
4,5380,69,0.03187457797321258,103,4543,48,59,71,40,69,62,46,45
4,5446,62,0.29889497281692456,103,4605,55,50,66,45,62,57,40,47
4,5516,44,0.48532806794537464,103,4649,58,52,70,48,44,60,49,53
5,5590,68,0.5733859018655494,103,4717,50,49,74,38,57,68,49,54
5,5665,58,0.18132110432634363,103,4775,61,53,75,46,55,58,47,49
6,5735,55,0.4334356328836293,103,4830,46,49,70,45,61,58,55,41
7,5809,47,0.06495562930649612,103,4877,51,52,74,41,55,58,45,47
3,5892,40,0.05322563611844089,103,4917,57,49,83,40,56,65,40,44
2,5964,72,0.32709956765029347,103,4989,64,49,72,41,66,58,52,52
1,6042,50,0.564596887496009,103,5039,55,50,78,42,57,58,47,54
0,6126,50,0.24508562120172428,103,5089,50,50,84,39,66,56,45,56
2,6206,80,0.1704481232445687,103,5169,51,46,80,45,56,57,37,47
2,6273,67,0.17797370080370456,103,5236,55,53,67,46,61,53,41,52
2,6352,79,0.3209532739565475,103,5315,53,62,79,44,55,53,43,50
2,6429,77,0.014290148843429051,103,5392,56,60,77,38,53,47,37,53
2,6501,72,0.37127569356380263,103,5464,50,52,72,44,55,44,42,46
2,6581,80,0.407016106582887,103,5544,50,59,80,34,56,56,41,55
2,6662,81,0.2695133464076207,103,5625,53,54,81,46,54,54,42,59
2,6742,80,0.5562501400127076,103,5705,41,65,80,36,57,51,44,54
2,6816,74,0.16933445553149795,103,5779,50,56,74,45,43,55,43,53
2,6886,70,0.20632998485962162,103,5849,54,52,70,34,54,62,37,41
2,6956,70,0.10101158150064293,103,5919,52,55,70,40,59,57,44,51
2,7019,55,0.1565624789946014,103,5974,55,63,55,46,56,55,37,43
2,7086,67,1.0070340276652132,103,6041,58,47,67,40,51,51,41,51
3,7161,41,2.851149989917758,103,6082,60,50,62,41,50,75,40,47
1,7226,38,0.17178516454441706,103,6120,48,38,60,48,61,65,26,48
0,7290,52,0.299734703869035,103,6172,52,40,57,52,56,64,32,42
4,7358,41,0.07724181629600935,103,6213,53,50,68,56,41,62,39,47
6,7422,40,1.488155759871006,103,6253,48,50,60,56,50,64,40,48
5,7493,71,0.9106070449124672,103,6324,49,52,63,60,56,71,45,56
5,7568,75,0.1259820597115322,103,6399,40,41,56,49,52,75,29,54
5,7646,78,0.5134981006849557,103,6477,46,42,59,53,40,78,39,48
5,7722,76,0.47344766562309815,103,6553,46,43,57,50,61,76,36,52
5,7808,86,0.3456427750788862,103,6639,48,42,64,66,42,86,40,52
5,7885,77,0.41475609716871986,103,6716,46,51,56,59,45,77,32,47
5,7966,81,0.06083441873488482,103,6797,37,56,54,55,44,81,38,47
5,8045,79,0.05983339787781006,103,6876,43,54,58,58,43,79,39,50
5,8124,79,0.46592144801979885,103,6955,48,60,50,61,51,79,32,62
5,8211,87,0.5602619039200363,103,7042,46,56,62,52,48,87,34,57
5,8286,75,0.14053526453790255,103,7117,52,50,54,48,55,75,28,59
5,8369,83,0.025354501551191788,103,7200,54,48,55,52,53,83,35,56
5,8452,83,0.014740736231033225,103,7283,44,52,60,60,47,83,37,48
5,8530,78,0.02370832146698376,103,7361,44,48,47,59,51,78,29,54
5,8611,81,0.13699712942616316,103,7442,41,48,49,56,51,81,43,55
5,8695,84,0.1500481629263959,103,7526,44,49,50,59,54,84,36,42
5,8779,84,0.22448596874892246,103,7610,47,44,39,50,59,84,33,51
5,8851,72,0.03150591556186555,103,7682,59,49,40,53,48,72,28,63
5,8935,84,0.39066311231727013,103,7766,47,45,42,51,50,84,38,63
5,9016,81,0.14641594208660536,103,7847,44,38,56,55,50,81,33,54
5,9097,81,0.04427213174494682,103,7928,45,51,48,48,54,81,38,63
5,9170,73,0.08831512955657672,103,8001,49,50,56,39,60,73,50,55
5,9247,77,0.8888630028741318,103,8078,38,50,49,44,37,77,47,54
5,9327,80,0.391716616373742,103,8158,42,54,44,40,49,80,45,43
5,9397,70,0.06591824783390621,103,8228,48,58,43,43,47,70,53,44
5,9468,71,0.14444910250313114,103,8299,48,53,41,47,51,71,49,49
5,9541,73,0.7460024769461597,103,8372,52,56,50,50,49,73,40,50
5,9608,67,0.439616488685715,103,8439,50,46,47,58,45,67,38,50
2,9673,52,1.7690995612501865,103,8491,61,56,52,57,40,65,40,47
1,9751,57,0.12245032497594366,103,8548,55,57,47,50,51,78,45,44
6,9828,44,1.4976283358046203,103,8592,53,61,52,60,50,77,44,49
7,9897,52,0.5795757182058878,103,8644,49,56,54,58,60,69,39,52
4,9967,54,0.5523951856303029,103,8698,60,55,50,62,54,70,38,55
0,10039,52,0.384452174686885,103,8750,52,62,61,62,52,72,42,48
3,10114,75,0.44311110115086194,103,8825,59,70,54,75,46,71,30,55
3,10186,59,0.02805866596463602,103,8884,58,52,51,59,56,72,38,56
3,10262,69,0.4839404635858955,103,8953,64,62,50,69,51,76,39,56
5,10347,85,0.6585776415158762,103,9038,68,52,60,68,53,85,36,52
5,10419,72,0.12181156614678912,103,9110,58,54,54,67,57,72,42,39
5,10495,74,0.34358504997362616,103,9184,76,61,68,67,52,74,46,48
5,10572,77,0.3215913927560905,103,9261,66,49,54,64,55,77,45,48
5,10652,80,0.2753159392159432,103,9341,68,65,52,67,50,80,45,44
5,10728,76,0.1349707662157016,103,9417,67,56,59,66,50,76,47,49
5,10809,81,0.09432125473540509,103,9498,59,56,66,59,54,81,42,44
5,10895,86,0.12313324649585411,103,9584,54,62,64,62,54,86,44,40
5,10975,80,0.05449931356270099,103,9664,59,56,59,68,54,80,40,37
5,11056,81,0.08962080894707469,103,9745,55,62,59,57,54,81,38,35
5,11134,78,0.051756106768152677,103,9823,61,67,60,62,44,78,49,57
5,11211,77,0.1606779292196734,103,9900,69,63,60,59,44,77,42,51
5,11286,75,0.20674985038931482,103,9975,63,57,61,51,51,75,46,48
5,11363,77,0.5578015943392529,103,10052,53,55,67,53,39,77,44,48
3,11449,58,0.7682803114439594,103,10110,63,54,65,58,47,86,41,54
5,11527,78,0.4372445044646156,103,10188,57,53,68,58,44,78,35,45
5,11612,85,0.3693901389196981,103,10273,61,57,59,61,46,85,37,42
5,11692,80,0.4050902294839034,103,10353,46,51,61,66,40,80,38,36
5,11780,88,0.7682163075514836,103,10441,51,51,69,56,41,88,31,46
5,11858,78,1.1723138366796775,103,10519,46,36,65,67,43,78,27,53
5,11939,81,0.8727436228145962,103,10600,48,44,58,67,50,81,27,52
5,12015,76,0.7487578444706742,103,10676,45,48,70,63,35,76,31,63
5,12093,78,0.7238436896950589,103,10754,50,44,68,75,39,78,25,49
5,12168,71,0.7902445268700831,103,10825,47,50,57,75,36,71,12,45
5,12242,74,0.8032539578416618,103,10899,45,37,57,70,40,74,12,41
5,12313,71,0.46004397067736136,103,10970,41,43,62,71,28,71,22,50
1,12395,43,1.364381834420783,103,11013,42,43,57,67,35,82,24,55
2,12468,55,0.12850125288241543,103,11068,38,46,55,73,30,73,22,50
3,12542,66,0.6762875182830612,103,11134,39,49,53,66,36,74,22,61
0,12615,34,0.6552059165187529,103,11168,34,44,54,65,31,73,13,54
6,12695,21,0.29019620392500656,103,11189,43,41,50,70,29,80,21,57
5,12781,86,0.2842848045111168,103,11275,34,38,42,74,25,86,21,56
5,12857,76,0.015216925188724417,103,11351,35,30,53,75,26,76,21,50
5,12932,75,0.3186580944166053,103,11426,37,30,55,74,19,75,17,58
5,13011,74,0.37650033122190507,103,11500,38,41,51,79,27,74,20,55
5,13090,71,0.2260860660317121,103,11571,33,50,49,79,26,71,17,56
5,13171,79,0.7290401656428003,103,11650,53,50,60,81,35,79,20,52
5,13249,75,0.25519375578005565,103,11725,40,47,51,78,35,75,26,55
5,13335,75,0.1655780671426328,103,11800,36,53,50,86,43,75,34,44
5,13419,84,0.14624313158128643,103,11884,30,45,53,70,43,84,27,49
5,13508,89,0.31926485130679794,103,11973,37,45,53,79,34,89,26,46
5,13591,78,0.2085323587671155,103,12051,41,42,52,83,38,78,26,54
5,13675,84,0.12303980081924237,103,12135,42,47,55,80,38,84,36,47
5,13755,78,0.05786655828705989,103,12213,40,58,60,80,33,78,28,52
5,13842,79,0.07202677922759904,103,12292,39,47,58,87,30,79,28,42
5,13929,87,0.14716862785280682,103,12379,42,55,58,83,27,87,32,42
5,14026,97,0.14793219427519944,103,12476,46,47,55,76,29,97,27,54
5,14112,86,0.22785897382709663,103,12562,42,49,52,79,33,86,35,45
5,14198,80,0.23203714785631746,103,12642,43,44,51,86,17,80,30,48
5,14277,79,0.38557032267272007,103,12721,53,58,44,79,23,79,34,51
5,14364,87,0.001799789424694609,103,12808,47,61,38,78,21,87,34,57
5,14445,81,0.1015082517042174,103,12889,46,57,42,80,29,81,25,47
5,14527,82,0.05379591078963131,103,12971,49,67,43,72,33,82,26,44
5,14606,79,0.12583037048898404,103,13050,56,56,55,77,35,79,30,45
5,14695,89,0.11225962538446765,103,13139,46,57,54,76,36,89,37,54
5,14775,80,0.14294949133181944,103,13219,45,59,53,73,42,80,32,51
5,14855,80,0.10249199151439825,103,13299,45,59,46,78,39,80,33,53
5,14933,75,0.0658593642510823,103,13374,47,62,46,78,40,75,31,44
5,15013,80,0.11727497031824896,103,13454,51,68,42,79,40,80,29,44
5,15097,84,0.18740147400967544,103,13538,48,74,58,75,42,84,27,43
5,15174,77,0.12228199475066504,103,13615,49,66,54,66,45,77,31,42
5,15249,75,0.13326378243800718,103,13690,38,73,61,64,50,75,20,56
