choice,max_possible,points,reaction_time,subject,total_points,0,1,2,3
0,78,78,1.066872545852675,103,78,78,34,49,35
0,157,79,0.2061936565733049,103,157,79,36,43,29
0,228,71,0.02279754609480733,103,228,71,36,53,25
0,297,69,0.35689785939030116,103,297,69,25,60,24
1,365,41,0.36496298974816455,103,338,68,41,54,29
2,425,54,0.6543994674866553,103,392,60,30,54,32
3,488,19,0.3593568889045855,103,411,63,38,49,19
0,558,70,0.36080145672895014,103,481,70,49,55,29
0,632,74,0.24768609931925312,103,555,74,35,56,22
0,700,68,0.5268288311926881,103,623,68,45,55,17
0,777,77,0.26623826728609856,103,700,77,42,57,19
0,852,75,0.7787187060966971,103,775,75,33,55,21
0,932,80,0.4488592906491249,103,855,80,40,58,22
0,1005,73,0.10404472592199454,103,928,73,38,56,18
0,1080,75,0.27882399249938317,103,1003,75,40,54,25
1,1156,38,0.15450155369762797,103,1041,76,38,55,23
0,1234,78,0.1514332071383251,103,1119,78,38,50,13
0,1302,68,0.05523791846644599,103,1187,68,34,41,18
0,1380,78,0.1575724604044808,103,1265,78,34,51,18
2,1450,45,2.0587722133495845,103,1310,70,29,45,19
0,1529,79,0.3105360005865805,103,1389,79,35,41,25
0,1599,70,0.4610334708340815,103,1459,70,29,43,16
0,1669,70,0.3906349506069091,103,1529,70,40,44,12
0,1745,76,0.12517497063527117,103,1605,76,36,36,15
0,1818,73,0.34013716033950914,103,1678,73,33,35,9
0,1887,69,0.09623497108987067,103,1747,69,33,47,8
0,1962,75,0.3344049718216411,103,1822,75,35,36,8
0,2035,73,0.056388068391242996,103,1895,73,32,35,9
0,2113,78,0.3030264240078395,103,1973,78,36,28,14
0,2180,67,0.6002969780529384,103,2040,67,37,21,25
0,2250,70,0.25634006547625177,103,2110,70,36,37,22
0,2313,63,0.3894303973647766,103,2173,63,32,37,22
0,2384,71,0.3850186091294745,103,2244,71,42,37,27
0,2447,63,0.1171495226881234,103,2307,63,36,29,26
0,2515,68,0.25833314665942453,103,2375,68,46,29,22
0,2591,76,0.14201567455165787,103,2451,76,46,34,26
0,2668,77,0.07800538273295388,103,2528,77,40,28,23
0,2737,69,0.29045605973078636,103,2597,69,44,28,30
0,2808,71,0.30575426985888043,103,2668,71,43,37,33
1,2890,53,0.020801904756808653,103,2721,82,53,31,38
2,2962,27,0.4940831602580147,103,2748,72,48,27,30
3,3038,32,0.032469814163050614,103,2780,76,46,13,32
0,3110,72,0.1968158063973533,103,2852,72,54,16,31
0,3184,74,0.44113402095536003,103,2926,74,52,22,32
0,3258,74,0.17813371052761795,103,3000,74,57,11,33
0,3340,82,0.499369241646491,103,3082,82,54,23,32
0,3415,75,0.21789868824271252,103,3157,75,49,14,34
0,3488,73,0.43674911434936803,103,3230,73,45,11,32
0,3556,68,0.0448827288710163,103,3298,68,43,28,31
0,3624,68,1.1518261910314322,103,3366,68,46,27,29
0,3685,61,0.045189307507826015,103,3427,61,45,37,27
0,3752,67,0.377965380292153,103,3494,67,45,38,32
0,3823,71,0.4613694912623032,103,3565,71,42,40,37
0,3898,75,0.028843993713962846,103,3640,75,52,38,33
0,3970,72,0.17092175204015803,103,3712,72,45,38,45
0,4049,79,0.222100543716806,103,3791,79,54,46,47
0,4124,75,0.33793222627718933,103,3866,75,47,39,52
0,4201,77,0.5370483325386886,103,3943,77,44,35,57
0,4280,79,0.241359954685322,103,4022,79,44,41,55
0,4350,70,0.6136104275137768,103,4092,70,53,43,61
0,4415,65,1.7051519932429073,103,4157,65,41,39,53
0,4483,68,0.3052095967432251,103,4225,68,48,41,54
0,4547,64,0.4126452488344512,103,4289,64,36,42,48
1,4614,44,0.5329885657047271,103,4333,67,44,31,53
2,4686,38,0.2666939749906305,103,4371,72,52,38,47
3,4749,35,0.16649012260313611,103,4406,63,51,45,35
0,4825,76,0.20530080228490988,103,4482,76,46,46,43
0,4896,71,0.46112115616415394,103,4553,71,51,46,51
0,4958,62,0.5404213376168627,103,4615,62,56,35,46
0,5018,60,0.18383325706236064,103,4675,60,57,48,45
0,5074,56,0.4552801610334427,103,4731,56,50,43,40
0,5137,63,0.9000796848413302,103,4794,63,58,49,41
1,5208,55,0.9851158950477839,103,4849,71,55,56,38
0,5269,61,0.40534048469999107,103,4910,61,59,48,41
0,5330,61,0.7261126276498544,103,4971,61,57,49,40
0,5392,62,0.08678031624731375,103,5033,62,56,56,47
1,5453,53,0.3028145711286925,103,5086,61,53,53,45
1,5508,55,0.353837193302752,103,5141,52,55,53,41
0,5570,62,0.21676645939442096,103,5203,62,50,53,42
0,5624,54,0.165685593681701,103,5257,54,48,37,43
0,5684,60,0.340027073645615,103,5317,60,53,48,41
0,5743,53,0.6501438487466658,103,5370,53,59,52,42
2,5798,50,0.3434308005962521,103,5420,55,48,50,40
0,5852,54,0.04297349278931506,103,5474,54,54,54,37
0,5906,45,0.021751722510089166,103,5519,45,54,47,35
1,5964,53,0.43373773125495063,103,5572,58,53,55,47
1,6025,51,0.009087912541872356,103,5623,61,51,51,52
1,6083,47,0.2264348872413393,103,5670,52,47,58,44
0,6144,61,0.3164083576266421,103,5731,61,51,54,41
0,6201,47,0.03200322579505155,103,5778,47,49,57,51
0,6256,49,0.3764696093494422,103,5827,49,55,52,51
3,6320,42,0.20929976542538498,103,5869,55,58,64,42
2,6379,59,0.344512466355809,103,5928,51,56,59,40
2,6443,64,0.1797555691373418,103,5992,47,55,64,35
2,6504,61,0.06909540099877631,103,6053,50,44,61,41
0,6568,57,0.17636144277639687,103,6110,57,52,64,39
2,6623,55,0.2252405746257864,103,6165,54,55,55,37
0,6682,58,0.08853722306230338,103,6223,58,58,59,36
2,6744,52,0.05821665957773803,103,6275,62,50,52,45
0,6807,63,0.6812183780784835,103,6338,63,51,47,46
0,6868,61,0.1905523855893989,103,6399,61,55,51,46
0,6925,57,0.2894870408126735,103,6456,57,55,50,51
0,6981,56,0.2354619960897253,103,6512,56,56,39,51
0,7039,58,0.03612507640355034,103,6570,58,42,50,51
0,7107,68,0.18715953930222895,103,6638,68,36,32,47
0,7174,67,0.1238328090403229,103,6705,67,54,43,47
0,7237,63,0.08866267068515299,103,6768,63,50,41,45
0,7300,63,0.08761428695288487,103,6831,63,43,44,54
0,7369,69,0.11698311257350724,103,6900,69,50,47,43
0,7428,59,0.5481408469640883,103,6959,59,50,46,55
0,7486,58,0.5609877080569277,103,7017,58,49,46,50
1,7542,56,0.14538995971088298,103,7073,51,56,36,44
0,7597,44,0.3774360681127291,103,7117,44,55,34,45
2,7649,36,0.5886796317208791,103,7153,43,52,36,51
3,7700,47,0.29448446465539746,103,7200,46,51,35,47
0,7757,42,1.9072698820091318,103,7242,42,57,33,42
0,7815,29,0.08224820069153793,103,7271,29,58,42,31
1,7864,49,0.49387194741575513,103,7320,38,49,34,36
2,7912,38,0.49950044963043183,103,7358,39,45,38,48
1,7963,51,0.028075306974642444,103,7409,34,51,34,51
3,8011,43,0.20339604647597298,103,7452,39,48,44,43
1,8061,50,0.10780239438463468,103,7502,36,50,41,49
1,8102,41,0.11811214121553348,103,7543,34,41,31,38
0,8148,38,0.23841769579303218,103,7581,38,46,32,45
1,8193,45,0.2026119988076971,103,7626,37,45,37,34
1,8243,50,0.1351032542734174,103,7676,35,50,28,43
2,8295,28,0.579384346572624,103,7704,37,52,28,33
3,8352,34,0.03585113974986598,103,7738,37,57,37,34
1,8409,57,0.2383684127999004,103,7795,38,57,36,41
1,8469,60,0.43396878529893,103,7855,36,60,39,52
1,8522,53,0.3884415372449439,103,7908,46,53,39,50
1,8581,59,1.1899078663991531,103,7967,43,59,34,45
1,8636,55,0.16383140095422277,103,8022,39,55,32,40
1,8694,58,0.1730844435369363,103,8080,40,58,35,52
1,8743,49,0.18540583267167676,103,8129,45,49,31,37
1,8796,53,0.015810881304787472,103,8182,46,53,31,40
0,8851,44,0.1252127329353243,103,8226,44,55,27,36
1,8903,52,0.1660798576558591,103,8278,43,52,37,35
1,8968,65,0.11305711387103656,103,8343,45,65,34,36
1,9024,56,0.14415724475838942,103,8399,47,56,36,33
1,9082,58,0.06881058368162485,103,8457,47,58,43,29
3,9131,34,0.4694192606912111,103,8491,38,49,45,34
2,9185,43,0.1621199368892121,103,8534,51,54,43,30
1,9245,60,0.11070753102103481,103,8594,45,60,44,36
1,9298,53,0.2222432723865495,103,8647,49,53,42,32
1,9355,57,0.45448907293757657,103,8704,52,57,39,32
1,9418,63,0.3620514527283376,103,8767,48,63,35,30
1,9479,61,0.4467017194692744,103,8828,40,61,37,27
1,9537,58,0.24790755278081633,103,8886,53,58,37,25
1,9595,58,0.6034811716599506,103,8944,48,58,34,21
1,9649,54,0.8694704638037365,103,8998,49,54,38,27
1,9709,60,0.4793059418007033,103,9058,45,60,34,28
1,9767,58,0.5568044137035031,103,9116,44,58,42,26
1,9831,64,0.49899801908031804,103,9180,48,64,48,16
1,9885,54,0.44498513510188786,103,9234,41,54,41,26
1,9947,62,0.25887525961297797,103,9296,52,62,40,26
1,10009,62,0.07757143634808017,103,9358,43,62,47,28
1,10070,61,0.2594007315710769,103,9419,54,61,47,11
1,10132,62,0.2380419929540949,103,9481,54,62,43,18
0,10182,50,0.3150002720140037,103,9531,50,49,46,24
1,10235,53,0.4280260239756899,103,9584,33,53,48,12
2,10281,46,0.026440007553901523,103,9630,40,44,46,25
1,10331,50,0.05152633279794827,103,9680,42,50,37,14
3,10388,15,1.9342929650083533,103,9695,43,57,34,15
1,10443,55,0.16244443662435515,103,9750,32,55,45,17
1,10491,48,0.033835657210147474,103,9798,33,48,41,27
1,10544,53,0.10896150486223632,103,9851,36,53,39,24
1,10607,63,0.005510735049028881,103,9914,28,63,32,22
1,10663,56,0.4200978619483067,103,9970,37,56,37,19
1,10720,57,0.04365321411751211,103,10027,38,57,35,24
1,10783,63,0.524006899620872,103,10090,42,63,41,21
1,10839,56,1.4490647431375692,103,10146,37,56,34,23
1,10901,62,0.053650621957785916,103,10208,41,62,39,17
1,10953,52,0.39406619922374375,103,10260,36,52,49,7
1,11005,52,0.266893027095648,103,10312,43,52,45,16
0,11062,37,0.43751780108141247,103,10349,37,57,42,25
2,11116,47,0.02673762565245852,103,10396,42,54,47,23
1,11164,48,0.05378695024410263,103,10444,45,48,45,25
3,11214,23,0.2990069796287571,103,10467,47,50,46,23
1,11270,56,0.24360841139423428,103,10523,51,56,51,36
1,11325,55,0.8081950582563877,103,10578,44,55,44,33
1,11382,57,0.30341364755440736,103,10635,50,57,49,37
1,11447,65,0.02972596733889077,103,10700,50,65,49,29
1,11509,57,0.4390442938893102,103,10757,50,57,62,40
1,11563,54,0.3383751332075917,103,10811,50,54,53,32
1,11614,51,0.2638317209712113,103,10862,47,51,48,39
1,11672,54,0.2070116263057571,103,10916,49,54,58,34
1,11732,40,0.09660299345705425,103,10956,35,40,60,28
0,11792,46,0.7487258425317123,103,11002,46,39,60,30
0,11847,46,0.1784614104544744,103,11048,46,43,55,29
2,11902,51,1.8285764574538916,103,11099,55,37,51,24
2,11958,45,0.017067277687601745,103,11144,56,40,45,30
1,12008,33,0.39604199935274664,103,11177,50,33,47,26
0,12063,55,0.17148690640897257,103,11232,55,34,55,33
0,12112,39,0.06423366541275755,103,11271,39,28,49,25
2,12161,49,0.5094856967334636,103,11320,47,31,49,25
3,12207,20,0.7072116384661058,103,11340,40,19,46,20
0,12254,38,0.08888348411710467,103,11378,38,14,47,29
2,12302,43,0.33819528227468254,103,11421,48,11,43,32
2,12354,52,0.43527318460837705,103,11473,49,3,52,31
