choice,max_possible,points,reaction_time,subject,total_points,0,1,2,3,4,5,6,7
0,73,39,2.3124701981869293,104,39,39,49,73,52,56,47,55,55
1,143,45,0.0919031877128873,104,84,39,45,70,41,53,43,55,51
2,217,74,0.05261439895548392,104,158,46,50,74,48,44,43,61,57
2,290,73,0.2850509310956113,104,231,58,66,73,53,45,38,59,53
2,370,80,0.06559182798082475,104,311,42,63,80,50,55,43,65,61
2,451,81,0.021253772225463763,104,392,46,42,81,43,48,55,58,65
2,533,82,0.5833679487695917,104,474,42,48,82,48,42,48,70,68
2,618,85,0.3945846307469765,104,559,38,54,85,52,41,44,50,66
2,694,76,0.23242501144704875,104,635,45,53,76,39,43,40,55,64
2,771,70,0.141912628285354,104,705,40,53,70,48,40,38,62,77
2,851,79,0.06891362994792871,104,784,50,45,79,45,46,37,63,80
2,929,73,0.10715403496578801,104,857,41,48,73,49,48,36,64,78
2,1009,80,0.14955853315768763,104,937,41,50,80,43,44,38,64,70
2,1085,75,0.3660318547335919,104,1012,42,53,75,51,35,37,59,76
2,1160,75,0.17818107341008727,104,1087,45,47,75,50,34,43,61,72
2,1237,77,0.20387991589086596,104,1164,38,49,77,41,47,43,63,71
2,1313,76,0.13383789734507445,104,1240,40,45,76,45,32,38,71,58
2,1389,76,0.12552763207349926,104,1316,45,54,76,55,26,37,61,67
2,1464,75,0.14341543967020698,104,1391,53,47,75,43,31,47,61,74
2,1539,75,0.05886629907763563,104,1466,56,54,75,34,43,50,50,64
2,1609,70,0.14851590976468287,104,1536,46,58,70,40,37,50,50,65
2,1682,70,0.18827576717012562,104,1606,56,64,70,36,37,43,60,73
2,1748,66,0.11853968721698038,104,1672,50,55,66,33,36,45,59,63
2,1821,73,0.17793465842260048,104,1745,57,55,73,32,36,47,63,63
2,1892,71,0.14684924842731562,104,1816,50,50,71,34,34,46,67,65
2,1965,73,0.09054054487205576,104,1889,53,58,73,29,34,48,56,67
2,2030,65,0.06658388829964679,104,1954,62,57,65,34,36,41,62,62
2,2106,76,0.06691862865409348,104,2030,56,61,76,35,35,39,66,67
2,2185,79,0.09332343406276777,104,2109,57,57,79,32,34,39,74,61
2,2259,62,0.09552516794065014,104,2171,63,57,62,32,27,42,74,69
2,2329,70,0.02550363061891403,104,2241,55,57,70,34,31,49,64,65
2,2402,62,0.09274419884604868,104,2303,55,49,62,44,32,46,73,67
2,2476,67,0.1575654199841665,104,2370,63,66,67,35,32,54,74,65
2,2552,67,0.08056937860965263,104,2437,56,47,67,36,34,44,72,76
2,2631,63,0.13870603332179599,104,2500,52,59,63,41,48,46,79,68
2,2706,66,0.026477129809791222,104,2566,52,57,66,36,43,41,75,67
2,2785,68,0.13261734312982298,104,2634,39,59,68,34,42,38,79,67
2,2869,74,0.47656017485132907,104,2708,49,59,74,25,38,42,84,66
2,2948,69,0.4954573238064768,104,2777,45,60,69,37,43,37,79,69
2,3024,63,0.07393153503653593,104,2840,40,66,63,39,52,41,76,74
2,3097,67,0.1502740966679994,104,2907,36,55,67,38,47,48,73,64
2,3171,68,0.1426550734322518,104,2975,41,57,68,42,59,40,72,74
2,3243,64,0.14865991853002924,104,3039,40,62,64,48,56,48,68,72
2,3323,66,0.2830559298017761,104,3105,50,56,66,46,53,49,72,80
2,3405,63,0.01232778953271918,104,3168,45,66,63,44,60,55,58,82
2,3482,64,0.12739078536105808,104,3232,45,57,64,45,50,45,69,77
2,3562,69,0.03579417629225645,104,3301,45,66,69,36,53,51,58,80
2,3640,59,0.023863210881245323,104,3360,40,50,59,39,51,52,61,78
2,3721,51,0.12409010468400083,104,3411,55,57,51,42,59,45,51,81
2,3798,54,0.08506437191681471,104,3465,45,59,54,44,58,49,65,77
2,3873,69,0.41064832742267754,104,3534,61,56,69,35,59,49,52,75
2,3948,54,0.19319126603659242,104,3588,48,49,54,34,54,49,56,75
2,4012,50,0.0870907351054484,104,3638,49,51,50,35,56,52,60,64
2,4076,56,0.15155289441463538,104,3694,46,46,56,37,59,48,63,64
2,4145,63,0.248043881074409,104,3757,35,63,63,33,59,48,53,69
2,4209,63,0.08342011194326915,104,3820,40,54,63,42,55,39,58,64
2,4277,61,0.18290264047391247,104,3881,45,52,61,31,68,39,42,65
2,4343,58,0.04938092236989178,104,3939,36,55,58,49,66,45,39,64
2,4403,56,0.07247480646765325,104,3995,42,57,56,45,58,51,48,60
2,4468,62,0.07221431062498596,104,4057,40,60,62,49,61,50,54,65
2,4530,62,0.7174541812128155,104,4119,41,62,62,45,58,52,41,60
2,4591,49,0.09115882246987894,104,4168,39,58,49,45,52,56,52,61
2,4651,47,0.13048409343173262,104,4215,31,60,47,43,52,52,57,55
2,4709,47,0.21013437617511954,104,4262,45,54,47,42,52,58,47,56
3,4766,47,0.10601028542441782,104,4309,43,57,57,47,48,52,48,48
4,4830,54,0.1509051750326762,104,4363,50,64,55,39,54,54,53,51
5,4893,46,0.09278772148536518,104,4409,54,63,53,34,44,46,58,54
6,4956,57,0.10622981877531856,104,4466,46,63,51,38,50,42,57,56
7,5020,43,0.15476396965095773,104,4509,44,56,64,29,54,44,60,43
6,5078,44,0.057509416568791494,104,4553,39,58,56,38,55,43,44,49
6,5143,53,0.05915431657922454,104,4606,39,65,55,29,55,44,53,46
2,5208,65,0.1402491671469761,104,4671,25,62,65,34,61,51,57,42
2,5269,56,0.05719579750439152,104,4727,33,61,56,28,56,46,56,39
2,5339,70,0.08292216165864374,104,4797,31,60,70,32,58,49,55,45
2,5402,58,0.47560971706116106,104,4855,32,63,58,24,54,46,47,48
2,5462,60,0.12228455490549095,104,4915,33,56,60,26,48,47,47,48
2,5527,55,0.15997644656454213,104,4970,34,65,55,26,50,50,47,51
2,5589,48,0.459585062781116,104,5018,31,62,48,27,51,47,50,49
2,5651,58,0.09364409356203396,104,5076,33,62,58,23,42,61,53,48
4,5715,42,0.09183662365830969,104,5118,36,64,61,24,42,49,48,49
2,5771,56,0.1638832440949045,104,5174,45,56,56,26,45,46,44,52
2,5835,57,0.08883420111669693,104,5231,47,64,57,29,42,51,48,52
2,5894,58,0.026962279313011095,104,5289,46,53,58,22,45,59,47,52
2,5953,59,0.13211811278597452,104,5348,45,58,59,19,36,51,42,55
2,6015,60,0.005382727264077403,104,5408,49,62,60,32,45,54,45,49
2,6085,70,0.3648138606804423,104,5478,50,55,70,27,43,57,41,42
2,6157,66,0.005797472491394728,104,5544,50,72,66,28,49,59,46,43
2,6226,64,0.027625359609373845,104,5608,41,69,64,31,47,54,48,44
2,6290,64,0.025382023231941275,104,5672,56,54,64,35,51,50,49,40
2,6357,67,0.12610942745232023,104,5739,40,64,67,38,52,50,51,30
2,6424,67,0.1127313340693945,104,5806,41,58,67,41,48,55,50,27
2,6491,67,0.027364223744370975,104,5873,41,62,67,37,42,59,58,35
2,6561,70,0.12785417353734374,104,5943,40,57,70,54,36,61,50,34
2,6624,63,0.01015229725453537,104,6006,44,55,63,49,43,60,47,32
2,6683,59,0.10412409073614981,104,6065,38,59,59,58,39,53,38,35
2,6746,62,0.3498830328899203,104,6127,44,63,62,57,29,57,32,39
0,6813,43,0.5266028974583605,104,6170,43,67,63,53,42,43,45,32
1,6881,68,0.08611531580390874,104,6238,39,68,65,57,35,48,38,30
1,6941,60,0.09230897238012403,104,6298,41,60,59,54,27,48,42,25
1,7009,53,0.36128148590796627,104,6351,36,53,68,48,34,38,50,23
1,7075,66,0.10687689812039025,104,6417,33,66,65,60,37,56,57,25
1,7135,58,0.10595396198914386,104,6475,47,58,60,50,29,57,51,34
1,7198,59,0.14881416790012736,104,6534,41,59,63,43,31,59,57,41
1,7260,59,0.0572341998340562,104,6593,39,59,61,49,34,62,57,29
1,7322,50,0.12553915278112981,104,6643,36,50,56,39,35,53,62,27
1,7387,50,0.3859492257179227,104,6693,34,50,58,41,34,57,65,33
1,7452,45,0.5076398245000746,104,6738,39,45,64,41,27,58,65,27
2,7517,58,0.12052444789151195,104,6796,35,47,58,45,37,53,65,32
2,7582,58,0.0812343790603336,104,6854,31,52,58,35,40,46,65,33
2,7648,57,0.08805975402356125,104,6911,36,58,57,41,38,50,66,29
2,7706,54,0.1447563211841043,104,6965,28,53,54,31,29,49,58,15
2,7772,51,0.125732444532332,104,7016,32,66,51,31,45,52,60,17
2,7835,53,0.2996348578017205,104,7069,35,63,53,31,45,42,57,27
2,7905,70,0.19398555431689601,104,7139,38,65,70,37,46,52,49,21
2,7962,57,0.25084597144450527,104,7196,41,50,57,41,47,51,49,26
2,8021,55,0.23167680595361162,104,7251,39,48,55,52,37,59,38,22
2,8080,55,0.20740909047890455,104,7306,43,58,55,40,41,59,46,9
2,8129,49,0.287643088697223,104,7355,43,48,49,46,37,48,48,27
2,8186,52,0.22985973546747118,104,7407,41,48,52,47,42,57,47,16
2,8244,50,0.22979061127989553,104,7457,41,52,50,51,39,44,58,13
2,8301,53,0.38880699945730157,104,7510,48,45,53,49,34,38,57,28
2,8353,52,0.2956531757081393,104,7562,38,31,52,42,35,42,52,17
2,8406,47,0.5167136561940424,104,7609,41,43,47,46,39,38,53,19
2,8461,54,0.03426128308637999,104,7663,42,45,54,55,53,39,55,16
2,8517,51,0.16706679765775334,104,7714,39,39,51,41,54,36,56,14
2,8576,52,0.06683798374433536,104,7766,44,38,52,52,59,36,57,21
2,8637,46,0.11892819083004724,104,7812,42,42,46,49,61,31,56,19
3,8700,47,0.12848205170303117,104,7859,37,39,45,47,63,49,57,12
3,8765,57,0.048104684756253846,104,7916,37,42,42,57,58,42,65,25
3,8837,50,0.22314508723502513,104,7966,32,50,48,50,61,39,72,22
3,8906,44,0.1248869531264063,104,8010,36,45,39,44,61,38,69,14
3,8971,51,0.08875995660491753,104,8061,38,40,40,51,51,39,65,24
4,9037,60,0.10371638595825061,104,8121,29,48,41,49,60,23,66,22
4,9105,62,0.10790224045922514,104,8183,33,56,44,45,62,30,68,27
4,9170,65,0.07964260227163322,104,8248,36,46,41,49,65,30,58,30
4,9239,69,0.06831135333050042,104,8317,31,52,50,46,69,28,56,30
4,9300,58,0.10738316889910493,104,8375,33,54,41,48,58,34,61,18
4,9362,62,0.14928395647439174,104,8437,32,48,52,35,62,23,58,30
4,9421,59,0.1334628345357487,104,8496,36,57,52,38,59,17,59,29
4,9483,59,0.005555537776672281,104,8555,37,51,62,45,59,18,56,35
4,9540,53,0.051253036173875444,104,8608,37,57,46,40,53,18,57,28
4,9606,55,0.44950508991314564,104,8663,26,52,49,48,55,25,66,34
4,9678,56,0.27944739039230626,104,8719,30,60,52,38,56,18,72,19
4,9744,60,0.026372803462436423,104,8779,31,44,51,39,60,20,66,36
4,9817,73,0.22110720332420897,104,8852,37,48,45,41,73,25,62,32
4,9890,67,0.02293963472766336,104,8919,41,56,57,39,67,16,73,26
4,9963,73,0.05222205510654021,104,8992,36,67,41,44,73,15,70,34
4,10033,70,0.06382404050964396,104,9062,44,59,42,36,70,18,65,44
4,10095,62,0.061538461537566036,104,9124,42,51,42,46,62,16,57,40
4,10156,55,0.055922760104294866,104,9179,36,60,38,32,55,16,61,41
4,10213,56,0.26642643872764893,104,9235,31,57,41,27,56,16,51,41
4,10272,54,0.10019425181963015,104,9289,41,56,45,33,54,22,59,43
4,10336,54,0.061101314960978925,104,9343,24,64,43,33,54,20,58,35
4,10399,51,0.10286129396990873,104,9394,28,63,37,39,51,11,58,44
4,10464,57,0.07616335073544178,104,9451,38,65,42,31,57,24,63,49
4,10531,63,0.09606984104902949,104,9514,28,59,42,30,63,16,67,43
4,10592,56,0.40882229640556034,104,9570,26,56,31,37,56,11,61,52
4,10656,56,0.4529683404834941,104,9626,32,64,50,40,56,25,61,59
4,10719,55,0.15600884534069337,104,9681,34,61,35,41,55,17,57,63
4,10790,54,0.08690960411331616,104,9735,29,64,36,36,54,31,71,61
4,10855,61,0.19463519382406957,104,9796,28,57,42,37,61,28,65,63
4,10921,66,0.10071588352730032,104,9862,26,63,41,49,66,37,54,60
4,10992,71,0.20920055940223392,104,9933,31,63,36,50,71,23,64,56
4,11061,69,0.11170855187810957,104,10002,23,64,39,41,69,37,62,57
4,11132,66,0.1643824744533049,104,10068,26,53,42,45,66,28,71,63
4,11198,60,0.21029566596553195,104,10128,30,58,40,48,60,31,66,56
4,11269,57,0.12952659522125032,104,10185,22,67,42,36,57,24,71,62
4,11338,69,0.1292296171595808,104,10254,18,68,34,43,69,37,66,68
4,11418,62,0.039144139969721437,104,10316,23,59,26,41,62,27,60,80
4,11496,66,0.26104883177322336,104,10382,33,66,23,49,66,27,61,78
4,11573,64,0.7173556152265519,104,10446,30,77,28,33,64,21,66,72
4,11646,59,0.3146847328316653,104,10505,27,73,26,35,59,22,70,67
4,11717,63,0.11913812359853182,104,10568,26,60,19,31,63,23,64,71
4,11790,59,0.07965604307537433,104,10627,26,69,21,37,59,20,73,71
4,11868,64,0.41921460824960377,104,10691,28,68,25,45,64,24,70,78
4,11946,54,0.02337678130425047,104,10745,28,69,25,47,54,24,67,78
4,12030,70,0.1373088283726247,104,10815,24,57,25,48,70,22,59,84
4,12101,69,0.09261363091354724,104,10884,28,68,29,46,69,23,67,71
4,12190,74,0.00975483309593983,104,10958,16,65,28,58,74,32,65,89
4,12274,67,0.053936719355988316,104,11025,20,62,28,56,67,33,66,84
4,12357,68,0.2426381124096224,104,11093,16,61,20,53,68,39,62,83
4,12451,64,0.1371680198208196,104,11157,21,52,24,54,64,35,68,94
4,12537,60,0.1635133016097825,104,11217,17,61,20,51,60,43,65,86
4,12624,67,0.07101807789877057,104,11284,12,62,19,52,67,45,63,87
4,12714,72,0.01588448577967938,104,11356,30,57,24,57,72,38,68,90
4,12797,71,0.6310636486596195,104,11427,13,60,22,53,71,39,68,83
4,12873,65,0.10499262354278471,104,11492,26,53,29,50,65,41,72,76
4,12957,79,0.012828299950342625,104,11571,26,69,34,58,79,38,63,84
4,13043,67,0.023365260611171834,104,11638,32,61,23,49,67,33,73,86
4,13132,72,0.3440138760342961,104,11710,26,71,33,58,72,42,74,89
4,13219,66,0.16771963734936435,104,11776,27,64,24,51,66,43,76,87
4,13295,67,0.2263843241671566,104,11843,33,60,25,56,67,43,73,76
4,13374,79,0.1980638822860783,104,11922,20,59,20,62,79,48,65,78
4,13447,69,0.13871307374211028,104,11991,26,57,18,58,69,39,56,73
4,13528,74,0.15978763508610427,104,12065,33,60,21,63,74,40,65,81
4,13611,69,0.16586160438600928,104,12134,40,63,20,59,69,28,69,83
4,13686,71,0.1875653239840176,104,12205,44,56,35,55,71,38,73,75
4,13765,73,0.021945014261291362,104,12278,41,52,32,59,73,34,70,79
4,13849,68,0.13459762353159022,104,12346,43,53,33,65,68,30,65,84
4,13934,64,0.10280753069673665,104,12410,47,62,34,58,64,15,74,85
