choice,max_possible,points,reaction_time,subject,total_points,0,1,2,3
1,75,42,2.4433447879273444,115,42,75,42,38,11
0,150,75,0.08903761953115463,115,117,75,30,31,24
0,232,82,0.09077212284319103,115,199,82,32,36,11
0,308,76,0.014250448090024292,115,275,76,37,41,18
0,377,69,0.47519884386565536,115,344,69,34,46,28
0,439,62,0.4828575396677479,115,406,62,30,43,31
0,514,75,0.05291194934397936,115,481,75,34,37,31
0,583,69,0.14368215203285217,115,550,69,27,43,22
0,649,66,0.0035464511020109057,115,616,66,27,55,28
0,719,70,0.43512157851364464,115,686,70,28,52,19
0,786,67,0.40589103871025145,115,753,67,30,53,19
0,855,69,0.2916378383524716,115,822,69,33,51,16
0,920,65,0.36267118621617556,115,887,65,27,59,12
0,985,65,0.2892332151532173,115,952,65,17,61,6
0,1053,59,0.28314645285718143,115,1011,59,28,68,17
3,1119,11,0.4403302085120231,115,1022,66,30,53,11
2,1179,60,0.26458150788675994,115,1082,55,26,60,5
2,1234,49,0.3378325877711177,115,1131,55,27,49,1
0,1305,71,0.31075065582990646,115,1202,71,17,56,7
0,1381,76,0.3457568995654583,115,1278,76,23,56,8
0,1453,72,0.2560344391968101,115,1350,72,13,49,9
0,1523,70,0.12274842604529113,115,1420,70,26,53,10
0,1602,79,0.12115025089588016,115,1499,79,31,54,6
0,1669,67,0.10230176895856857,115,1566,67,41,47,9
0,1740,71,0.05428355105686933,115,1637,71,32,54,12
0,1806,66,0.45343690854497254,115,1703,66,26,46,18
0,1876,70,0.05077550210990012,115,1773,70,24,47,13
0,1938,62,0.29331217787694186,115,1835,62,24,50,12
0,2003,65,0.2321411770535633,115,1900,65,32,48,19
0,2066,63,0.23360622418113053,115,1963,63,33,38,22
0,2128,62,0.22185128461569548,115,2025,62,30,38,21
0,2190,62,0.22417974309064448,115,2087,62,35,37,22
0,2252,62,0.2749597255606204,115,2149,62,22,32,13
0,2319,67,0.24198688298929483,115,2216,67,22,32,16
0,2385,66,0.25127383577637374,115,2282,66,22,31,12
0,2450,65,0.28015939507167786,115,2347,65,23,40,11
0,2516,66,0.3318680728552863,115,2413,66,26,23,14
0,2588,72,0.25580786576028913,115,2485,72,26,32,11
0,2663,75,0.2502228931989521,115,2560,75,20,32,18
0,2741,78,0.16027641959954053,115,2638,78,27,27,15
0,2814,73,0.1261918309610337,115,2711,73,28,30,21
0,2896,82,0.5821620102506131,115,2793,82,19,35,30
0,2974,78,0.2824302503140643,115,2871,78,35,30,29
0,3046,72,0.20175216835923493,115,2943,72,28,27,24
0,3125,79,0.22561918885912746,115,3022,79,31,30,32
0,3206,81,0.15932276286184788,115,3103,81,23,33,20
0,3283,77,0.06195824779570103,115,3180,77,27,26,21
0,3364,81,0.24647803034167737,115,3261,81,18,29,25
0,3433,69,0.21423675143159926,115,3330,69,12,30,26
0,3504,71,0.23181603767443448,115,3401,71,17,23,37
0,3571,67,0.26010828162543476,115,3468,67,21,30,29
0,3632,61,0.08259627618826926,115,3529,61,14,22,30
0,3706,74,0.19164084654767066,115,3603,74,13,20,27
0,3770,64,0.14730412745848298,115,3667,64,11,19,34
0,3830,60,0.5674974574940279,115,3727,60,20,21,18
0,3896,66,0.22033439425285906,115,3793,66,15,23,23
0,3958,62,0.22846223809756339,115,3855,62,15,33,25
0,4014,56,0.280852556345053,115,3911,56,18,31,21
1,4071,31,0.48232054768595845,115,3942,57,31,35,24
2,4137,33,0.1490418310277164,115,3975,66,28,33,29
3,4201,22,0.16311242838855833,115,3997,64,33,39,22
0,4257,56,0.18027312983758748,115,4053,56,29,40,23
0,4307,50,0.23658752162009478,115,4103,50,33,50,28
0,4361,54,0.16850474930834025,115,4157,54,37,32,25
0,4417,56,0.20683151064440608,115,4213,56,37,36,24
0,4471,54,0.12855613161809742,115,4267,54,37,28,31
0,4512,41,0.11342115083243698,115,4308,41,38,28,33
3,4567,34,0.5665277997031808,115,4342,55,45,28,34
2,4621,37,0.16098814201541245,115,4379,54,52,37,32
1,4670,47,0.44761512207333,115,4426,49,47,32,33
0,4724,54,0.2539594356203452,115,4480,54,46,37,35
0,4785,61,0.20153775555081666,115,4541,61,46,44,29
0,4845,60,0.10449709964450449,115,4601,60,48,41,35
0,4905,60,0.1921426362823695,115,4661,60,53,36,29
0,4963,58,0.1866242279065773,115,4719,58,54,26,30
0,5023,60,0.07221229816786945,115,4779,60,46,34,20
0,5084,61,0.11525357991922647,115,4840,61,49,33,23
0,5149,65,0.09010072273667902,115,4905,65,49,30,18
0,5211,62,0.043867571046575904,115,4967,62,45,23,16
0,5272,61,0.03683739260304719,115,5028,61,39,32,16
0,5322,50,0.05942753714043647,115,5078,50,36,30,9
0,5377,55,0.4898717171745375,115,5133,55,39,41,18
0,5422,45,0.2855145938228816,115,5178,45,41,37,18
0,5484,62,0.4418752604397014,115,5240,62,46,38,24
0,5536,52,0.7053373417584226,115,5292,52,49,38,7
2,5582,35,0.42194383405148983,115,5327,46,34,35,18
0,5629,43,0.298344157403335,115,5370,43,47,32,12
0,5677,41,0.1951104929903522,115,5411,41,48,26,14
0,5724,40,0.0029889779398217797,115,5451,40,47,41,12
1,5766,42,0.8853122137952596,115,5493,41,42,35,24
3,5807,27,0.37402162177022547,115,5520,41,38,34,27
1,5859,36,0.3916341901058331,115,5556,52,36,36,21
0,5901,41,0.20012519147712737,115,5597,41,42,37,23
0,5946,45,0.25965385464951396,115,5642,45,37,41,16
2,5986,40,0.12929153547156602,115,5682,40,32,40,13
0,6028,40,0.3035476671066135,115,5722,40,42,38,18
2,6070,30,0.25875396106857806,115,5752,40,42,30,22
0,6107,37,0.14762350649107248,115,5789,37,36,36,21
0,6151,32,0.24379819084424525,115,5821,32,42,44,27
2,6197,39,0.2281454192707315,115,5860,23,46,39,25
1,6245,39,0.10050454211886972,115,5899,38,39,48,25
3,6297,29,0.16846762713976204,115,5928,32,52,52,29
1,6344,45,0.4991529096150771,115,5973,37,45,47,15
1,6388,44,0.3036327923182398,115,6017,33,44,44,26
1,6440,45,0.2382336996961385,115,6062,31,45,52,24
1,6496,45,0.055100239464081824,115,6107,38,45,56,24
1,6555,46,0.06177199666853994,115,6153,28,46,59,28
1,6610,44,0.12576428556349128,115,6197,38,44,55,26
1,6667,39,0.13895035034511238,115,6236,35,39,57,23
0,6725,46,0.4336942934896797,115,6282,46,41,58,24
0,6779,41,0.12536618183366954,115,6323,41,41,54,16
0,6832,35,0.17896809219382703,115,6358,35,33,53,17
0,6878,39,0.09251430642325431,115,6397,39,25,46,28
0,6932,36,0.08862479496747255,115,6433,36,37,54,29
2,6980,48,0.056329752784222364,115,6481,39,37,48,31
2,7025,44,0.09734659409150481,115,6525,45,36,44,40
2,7074,49,0.10799874807707965,115,6574,48,40,49,37
2,7128,54,0.021549442666582763,115,6628,42,40,54,34
2,7175,45,0.04428423580247909,115,6673,47,38,45,35
2,7229,49,0.49860183673445135,115,6722,43,54,49,26
2,7281,44,0.08115619048476219,115,6766,49,52,44,35
2,7340,43,0.06225458544213325,115,6809,59,54,43,29
2,7394,53,0.032592019881121814,115,6862,52,54,53,32
2,7447,43,0.17195391468703747,115,6905,49,53,43,39
2,7501,40,0.08970325905829668,115,6945,49,54,40,42
2,7561,46,0.19080047647003084,115,6991,60,51,46,44
2,7616,47,0.1887843564618379,115,7038,51,55,47,42
2,7674,47,0.13231123518198729,115,7085,52,58,47,41
2,7732,51,0.4265444279881194,115,7136,58,50,51,45
2,7789,46,0.40153877960983664,115,7182,52,57,46,45
2,7847,47,0.12188053433783352,115,7229,51,58,47,37
2,7911,46,0.45785253134090453,115,7275,48,64,46,37
2,7974,50,0.5543344339821488,115,7325,58,63,50,35
2,8043,50,0.38055193051695824,115,7375,53,69,50,39
2,8101,52,0.55030027392786,115,7427,58,57,52,43
2,8165,57,0.16947504715062678,115,7484,57,64,57,43
2,8223,58,0.2589254912454635,115,7542,46,56,58,43
2,8281,48,1.738590520923026,115,7590,51,58,48,30
2,8340,54,0.3065040031215176,115,7644,44,59,54,31
2,8394,46,0.15205193008296192,115,7690,51,54,46,39
2,8447,45,0.03919977322220802,115,7735,41,53,45,37
2,8505,51,0.0064080614829435945,115,7786,50,58,51,38
2,8559,47,0.1071711789118126,115,7833,48,54,47,33
2,8614,37,0.005262393155135214,115,7870,47,55,37,31
0,8684,39,0.1271582884946838,115,7909,39,70,46,32
1,8740,56,0.06147565913852304,115,7965,39,56,56,39
1,8803,63,0.1710943435318768,115,8028,48,63,49,45
1,8854,50,0.09008088160771877,115,8078,50,50,51,39
3,8904,42,0.5602285447530448,115,8120,47,50,50,42
1,8961,48,0.23922383866738528,115,8168,52,48,57,45
1,9021,44,0.1490418310277164,115,8212,45,44,60,42
1,9069,48,0.10972109064459801,115,8260,45,48,48,42
1,9123,40,0.8548476805444807,115,8300,47,40,51,54
3,9169,38,0.39576883614063263,115,8338,43,46,45,38
1,9215,46,0.16638494317885488,115,8384,41,46,46,33
2,9268,45,0.22051616513635963,115,8429,53,44,45,26
0,9323,45,0.15455959946848452,115,8474,45,47,55,36
1,9377,48,0.1785040645627305,115,8522,36,48,54,37
1,9434,42,0.2696992525598034,115,8564,42,42,57,41
1,9489,31,0.17954156640917063,115,8595,39,31,55,35
1,9540,40,0.16356173518579453,115,8635,51,40,47,45
0,9593,52,0.2935125097865239,115,8687,52,45,53,42
0,9644,45,0.42069255968090147,115,8732,45,51,48,44
0,9696,48,0.15863600210286677,115,8780,48,47,52,42
0,9752,49,0.04873186047188938,115,8829,49,55,56,28
0,9809,48,0.06264180841390043,115,8877,48,47,57,35
0,9866,41,0.03736350394319743,115,8918,41,50,57,33
1,9916,44,0.3201406548032537,115,8962,46,44,50,40
1,9970,54,0.033628881676122546,115,9016,39,54,54,31
1,10028,56,0.47880737867671996,115,9072,34,56,58,23
1,10081,46,0.020293047768063843,115,9118,41,46,53,23
1,10143,54,0.11302368715405464,115,9172,40,54,62,30
1,10211,55,0.07363382272887975,115,9227,33,55,68,24
1,10273,62,0.51597055059392,115,9289,45,62,60,28
1,10334,61,0.2321059750393033,115,9350,40,61,54,33
1,10396,62,0.0615326224360615,115,9412,33,62,58,25
1,10463,65,0.11869890498928726,115,9477,33,65,67,31
1,10523,58,0.10360040632076561,115,9535,37,58,60,21
1,10589,64,0.04728089412674308,115,9599,36,64,66,28
1,10649,60,0.09436721680685878,115,9659,35,60,58,32
1,10714,64,0.6554770939983428,115,9723,38,64,65,21
1,10773,58,0.07351413555443287,115,9781,34,58,59,25
1,10838,65,0.046201789868064225,115,9846,39,65,60,21
1,10899,60,0.08054623403586447,115,9906,30,60,61,15
1,10970,57,0.11524909955915064,115,9963,19,57,71,33
1,11037,55,0.8530869357055053,115,10018,23,55,67,30
1,11109,62,0.44271499034948647,115,10080,37,62,72,39
1,11179,59,1.4604747674893588,115,10139,24,59,70,35
2,11249,70,0.7388324552448466,115,10209,32,52,70,34
2,11316,67,0.1610687867505476,115,10276,25,58,67,33
2,11385,69,0.14700522983912379,115,10345,32,60,69,22
2,11454,64,0.25014736875891685,115,10409,16,69,64,27
2,11523,69,0.29979448369704187,115,10478,39,63,69,28
2,11592,69,0.1991427328903228,115,10547,37,65,69,27
2,11664,69,0.4079954839544371,115,10616,29,72,69,27
2,11736,72,0.13090443145483732,115,10688,34,62,72,34
2,11807,71,0.05172275856602937,115,10759,26,62,71,36
2,11877,70,0.10744383500423282,115,10829,28,57,70,29
2,11956,79,0.21022819285281003,115,10908,30,67,79,37
2,12028,72,0.02573785197455436,115,10980,26,72,72,33
