choice,max_possible,points,reaction_time,subject,total_points,0,1,2,3
1,81,34,6.663458071001514,100,34,42,34,44,81
2,159,39,1.065798319003079,100,73,45,40,39,78
3,229,70,1.6223772539997299,100,143,44,43,42,70
0,319,45,2.601088694998907,100,188,45,44,48,90
1,401,44,1.5744765929994173,100,232,42,44,45,82
2,473,37,0.42643334100284846,100,269,41,47,37,72
3,546,73,0.45060748199830414,100,342,42,47,44,73
3,616,70,0.3475199980020989,100,412,46,54,47,70
3,698,82,0.5309956889977911,100,494,49,48,52,82
3,772,74,0.3178526299998339,100,568,48,39,42,74
3,856,84,1.1147092930004874,100,652,44,51,49,84
3,930,74,0.03842588499901467,100,726,39,48,48,74
3,1008,78,0.12572782699862728,100,804,45,52,51,78
3,1087,79,0.47040217699759523,100,883,52,56,50,79
3,1177,90,0.3858948240012978,100,973,47,63,50,90
3,1251,74,0.4294804600031057,100,1047,42,54,51,74
3,1331,80,0.29992774299898883,100,1127,52,56,44,80
3,1406,75,2.6794022569993103,100,1202,42,52,49,75
3,1480,74,1.3249600070012093,100,1276,40,41,49,74
3,1552,72,0.2171484539976518,100,1348,48,54,53,72
3,1629,77,0.2699929169975803,100,1425,45,55,50,77
3,1706,77,0.17105554199952167,100,1502,50,48,40,77
3,1775,69,0.26896730000225944,100,1571,48,55,56,69
3,1850,75,1.911893674001476,100,1646,38,55,49,75
3,1932,82,0.2803515189989412,100,1728,43,61,41,82
3,2013,81,0.06180285699883825,100,1809,45,56,51,81
3,2097,84,1.1568200959991373,100,1893,52,69,48,84
3,2174,77,0.256039587999112,100,1970,54,77,48,77
0,2246,52,0.5520614560009562,100,2022,52,69,45,72
1,2324,60,0.14627088199995342,100,2082,48,60,51,78
2,2402,57,0.4085505490002106,100,2139,42,67,57,78
3,2481,79,0.32360419999895385,100,2218,53,66,49,79
3,2554,73,0.3116826600016793,100,2291,51,62,51,73
3,2636,82,0.03479311699993559,100,2373,44,64,57,82
3,2719,83,0.42629255000065314,100,2456,45,60,64,83
3,2792,73,0.47251149600197095,100,2529,46,65,58,73
3,2875,83,0.03354750300059095,100,2612,49,62,61,83
3,2943,68,1.1214108569984091,100,2680,51,60,54,68
3,3020,77,1.2486152199999196,100,2757,36,66,55,77
3,3095,73,0.28407160400092835,100,2830,36,75,48,73
3,3171,74,0.1731788149991189,100,2904,27,76,46,74
3,3247,76,0.11191891400085296,100,2980,38,73,58,76
3,3318,71,0.05008251399704022,100,3051,43,68,49,71
3,3393,75,0.04834107399801724,100,3126,39,70,56,75
3,3468,74,0.14476679300059914,100,3200,39,75,53,74
3,3542,72,0.6128445520007517,100,3272,30,74,46,72
3,3614,72,0.5252340760016523,100,3344,33,70,53,72
3,3690,76,0.33927542899982654,100,3420,44,67,57,76
3,3766,76,0.33825775500008604,100,3496,36,64,49,76
3,3837,64,0.8141779489997134,100,3560,42,71,55,64
3,3902,65,0.5148349640003289,100,3625,40,64,50,65
3,3979,73,1.1232326190001913,100,3698,43,77,52,73
3,4057,61,0.09351541099749738,100,3759,50,78,44,61
3,4134,69,0.1584866660014086,100,3828,51,77,47,69
3,4218,64,0.16800229599903105,100,3892,40,84,45,64
3,4300,61,0.3475868880013877,100,3953,39,82,61,61
3,4379,67,0.3090894050001225,100,4020,41,79,53,67
3,4451,56,0.22699018899947987,100,4076,45,72,43,56
2,4525,49,1.1817023570001766,100,4125,41,74,49,60
1,4609,84,0.09152170599918463,100,4209,47,84,48,59
0,4691,42,0.08211063500129967,100,4251,42,82,43,62
1,4767,76,0.7602742519993626,100,4327,37,76,51,55
1,4844,77,1.3613296449984773,100,4404,41,77,51,66
1,4910,65,2.6465398830005142,100,4469,34,65,48,66
3,4976,61,0.33159029300077236,100,4530,24,66,55,61
1,5041,65,0.5052221639998606,100,4595,38,65,59,59
1,5118,77,0.39431730000069365,100,4672,30,77,54,58
1,5193,75,0.09065277799891192,100,4747,43,75,62,62
1,5260,67,0.06929548299740418,100,4814,40,67,64,67
3,5340,65,0.1671214929992857,100,4879,46,80,55,65
1,5418,78,0.773025503000099,100,4957,41,78,59,67
1,5502,84,0.2701393379975343,100,5041,52,84,65,63
1,5588,86,0.11404350900193094,100,5127,48,86,63,69
1,5669,81,0.052111426997726085,100,5208,51,81,62,71
1,5750,81,0.7415656709999894,100,5289,48,81,60,71
1,5819,69,0.5531836959999055,100,5358,37,69,57,59
1,5903,84,0.430726283997501,100,5442,48,84,64,66
1,5996,93,0.041722089001268614,100,5535,51,93,62,73
1,6094,98,0.4970553370003472,100,5633,45,98,60,66
1,6192,98,0.32214147100239643,100,5731,50,98,59,71
1,6272,80,0.418546836997848,100,5811,46,80,64,73
1,6357,85,0.7166852419977658,100,5896,45,85,65,75
1,6435,78,1.3491523179982323,100,5974,48,78,71,70
1,6509,74,1.4335549690003973,100,6048,50,74,60,72
1,6581,72,1.2636996429973806,100,6120,46,72,66,59
1,6657,76,0.6098223119988688,100,6196,45,76,58,72
1,6732,75,0.19696633000057773,100,6271,41,75,53,66
1,6809,77,0.13886119399830932,100,6348,48,77,56,69
1,6891,82,0.5569914609986881,100,6430,43,82,59,66
1,6966,75,2.0653063460013072,100,6505,44,75,40,64
1,7038,72,0.08520936400236678,100,6577,43,72,47,71
1,7113,75,0.5906551580010273,100,6652,45,75,50,74
1,7190,77,2.4392870079973363,100,6729,40,77,46,73
1,7259,69,0.0549412990003475,100,6798,42,69,40,66
3,7334,75,1.1088812510024582,100,6873,52,69,30,75
3,7413,76,0.15283217300020624,100,6949,43,79,49,76
3,7486,73,1.2537089100005687,100,7022,35,73,47,73
3,7562,76,0.06193860600251355,100,7098,42,72,48,76
3,7636,73,2.9647074679996877,100,7171,43,74,50,73
3,7709,67,2.369647186998918,100,7238,49,73,46,67
0,7785,48,0.05207062500267057,100,7286,48,76,49,75
2,7861,57,0.33201481699870783,100,7343,54,76,57,71
1,7938,73,0.14487601200016798,100,7416,45,73,49,77
3,8015,75,0.09911551600089297,100,7491,41,77,48,75
3,8091,76,2.1254825849973713,100,7567,48,73,50,76
3,8159,68,0.16171590500016464,100,7635,57,68,57,68
3,8236,75,0.023110119000193663,100,7710,62,77,55,75
3,8310,74,1.1547348080021038,100,7784,54,71,42,74
3,8381,71,0.48024204700050177,100,7855,55,68,57,71
3,8465,84,0.1274362479998672,100,7939,64,70,45,84
3,8535,70,0.3505151030003617,100,8009,57,63,37,70
1,8616,60,0.15890330799811636,100,8069,55,60,38,81
3,8688,72,0.04526066199832712,100,8141,54,51,36,72
3,8774,86,2.777867436001543,100,8227,54,53,43,86
3,8866,92,1.8942528939987824,100,8319,61,62,35,92
3,8955,89,2.8145732560005854,100,8408,64,53,32,89
3,9044,89,0.45654406899848254,100,8497,53,60,31,89
3,9144,100,0.021726439001213294,100,8597,63,52,35,100
3,9228,84,0.19421468200016534,100,8681,60,64,28,84
3,9320,92,0.32870440899932873,100,8773,66,65,23,92
3,9405,85,0.5672779430024093,100,8858,61,62,31,85
3,9486,81,2.1729741819981427,100,8939,65,73,29,81
3,9559,70,2.0538984400009213,100,9009,65,73,28,70
1,9631,66,4.356924150997656,100,9075,69,66,27,72
1,9705,67,0.09632305900231586,100,9142,65,67,24,74
1,9780,63,0.15668960200127913,100,9205,55,63,35,75
3,9860,80,1.697611882002093,100,9285,61,70,34,80
3,9930,70,1.751923108997289,100,9355,62,64,36,70
3,10011,81,0.16077862800011644,100,9436,70,73,28,81
3,10083,72,2.1698759900027653,100,9508,69,70,33,72
3,10159,72,0.5703092190015013,100,9580,76,76,39,72
3,10237,77,0.5964946929998405,100,9657,72,78,38,77
1,10314,69,0.20183763900058693,100,9726,73,69,51,77
3,10392,78,0.10342936300003203,100,9804,62,63,47,78
3,10464,72,0.20523579899963806,100,9876,53,55,57,72
3,10529,65,0.40465375399799086,100,9941,63,61,48,65
3,10596,67,0.062157738000678364,100,10008,57,65,48,67
3,10665,61,0.04126403400005074,100,10069,63,69,58,61
2,10732,56,0.05697123899881262,100,10125,63,67,56,63
0,10809,63,0.49995135600329377,100,10188,63,63,49,77
1,10889,71,0.07343905300149345,100,10259,67,71,47,80
1,10966,66,0.3571819940007117,100,10325,62,66,52,77
1,11040,61,0.43954350399872055,100,10386,58,61,64,74
3,11120,80,0.10891674999948009,100,10466,63,56,60,80
3,11189,69,0.40438375799931237,100,10535,68,63,55,69
1,11272,67,0.23342329300066922,100,10602,59,67,60,83
1,11347,63,0.1993159010016825,100,10665,58,63,53,75
3,11430,83,0.2193155659988406,100,10748,64,52,51,83
3,11503,73,0.20301428500170005,100,10821,52,53,56,73
3,11579,76,0.26211701899956097,100,10897,63,48,47,76
3,11653,74,0.07964314400305739,100,10971,66,47,65,74
3,11723,66,0.18282056899988675,100,11037,70,55,58,66
3,11798,75,0.26654423600120936,100,11112,63,52,62,75
3,11867,55,0.41536579800231266,100,11167,58,46,69,55
1,11942,51,0.3285176620011043,100,11218,63,51,64,75
3,12018,76,0.05911652599752415,100,11294,67,46,60,76
3,12090,72,0.1722340209998947,100,11366,63,51,57,72
3,12162,72,0.23633322499881615,100,11438,58,51,61,72
3,12232,70,0.5632899170013843,100,11508,61,54,66,70
3,12305,64,0.8605970400021761,100,11572,70,66,73,64
2,12380,69,0.7664324269971985,100,11641,73,64,69,75
2,12460,68,0.25965562500277883,100,11709,74,55,68,80
2,12533,73,0.2749407160008559,100,11782,65,53,73,73
2,12604,71,0.2678596580008161,100,11853,68,50,71,69
3,12680,76,0.3537714109988883,100,11929,65,63,72,76
2,12759,73,0.6467806850014313,100,12002,66,64,73,79
1,12845,59,1.0152588689998083,100,12061,69,59,66,86
1,12921,55,0.31452184799854876,100,12116,64,55,71,76
0,13003,82,0.30903267900066567,100,12198,82,58,77,81
0,13079,70,0.08667277499989723,100,12268,70,60,76,76
0,13164,74,0.17500815099992906,100,12342,74,60,77,85
0,13241,72,0.058728130999952555,100,12414,72,64,77,66
0,13324,73,0.1906322499999078,100,12487,73,65,83,72
2,13405,81,0.2980269869985932,100,12568,63,57,81,62
3,13491,64,0.23257653800101252,100,12632,66,65,86,64
2,13571,80,0.398919985997054,100,12712,63,59,80,75
2,13655,84,0.3882986409989826,100,12796,56,70,84,67
2,13731,69,0.6112855069986836,100,12865,55,73,69,76
1,13805,64,0.2056059770002321,100,12929,53,64,68,74
0,13884,50,0.1298065859991766,100,12979,50,60,79,79
3,13958,67,0.48574303799978225,100,13046,50,69,74,67
1,14033,70,0.5638003989988647,100,13116,56,70,74,75
1,14110,70,0.7856758599991736,100,13186,58,70,75,77
1,14185,64,0.3889365219984029,100,13250,61,64,75,74
3,14258,64,0.4013224789996457,100,13314,64,68,73,64
2,14330,72,0.8784773920015141,100,13386,68,66,72,66
2,14411,67,0.35260731099697296,100,13453,66,71,67,81
2,14484,73,0.5290940850027255,100,13526,68,71,73,72
2,14556,72,1.2336864349999814,100,13598,65,67,72,70
2,14627,65,1.1227933920017676,100,13663,61,70,65,71
2,14707,80,0.7229232169993338,100,13743,61,64,80,73
2,14780,69,0.2194182359999104,100,13812,66,73,69,68
1,14851,67,0.446627511002589,100,13879,64,67,71,71
1,14927,55,0.5584661060020153,100,13934,76,55,73,74
3,15006,75,0.324155078997137,100,14009,79,65,65,75
3,15090,68,1.3914029709994793,100,14077,84,65,57,68
3,15170,73,0.3363343189994339,100,14150,80,66,68,73
3,15255,70,0.025795314999413677,100,14220,85,67,64,70
3,15338,72,0.52804346099947,100,14292,83,68,60,72
3,15418,79,0.11855339900284889,100,14371,80,70,63,79
