choice,max_possible,points,reaction_time,subject,total_points,0,1,2,3,4,5,6,7
0,75,75,1.1377403160004178,100,75,75,52,64,59,54,39,34,30
0,156,81,0.08274320599957719,100,156,81,57,65,48,53,22,27,41
0,232,76,0.015312945000914624,100,232,76,53,62,36,53,30,22,40
0,308,76,0.06400843700248515,100,308,76,56,67,39,55,37,31,42
0,383,75,0.1827654619992245,100,383,75,59,70,46,51,42,32,40
0,460,77,0.32595891900200513,100,460,77,64,66,37,48,41,33,51
0,537,77,0.14226819699979387,100,537,77,65,65,40,38,30,26,47
0,612,75,0.10457596799824387,100,612,75,52,68,47,43,32,24,41
0,687,75,0.08423522199882427,100,687,75,51,70,39,48,34,26,44
0,768,81,0.0664970629986783,100,768,81,54,69,51,39,33,31,51
0,846,78,0.13253750000149012,100,846,78,46,61,51,43,33,23,36
0,927,81,0.5841471109997656,100,927,81,47,65,49,46,41,33,44
0,1006,79,0.03401539600235992,100,1006,79,48,67,42,44,35,35,54
0,1089,83,0.1703027090006799,100,1089,83,54,74,48,56,43,36,53
0,1175,86,0.07790353699965635,100,1175,86,60,64,46,48,44,38,50
0,1260,85,0.04308429299999261,100,1260,85,62,68,52,42,47,34,50
0,1342,82,0.04959755399977439,100,1342,82,69,49,37,38,42,33,46
0,1435,93,0.30912332799925935,100,1435,93,64,68,47,42,41,29,50
0,1528,93,0.013976611000543926,100,1528,93,67,67,47,45,44,35,54
0,1608,80,0.08743459499964956,100,1608,80,63,53,39,48,47,30,41
0,1689,81,0.10250463699776446,100,1689,81,68,61,46,43,49,33,46
0,1768,79,0.07901220399799058,100,1768,79,58,51,41,42,50,29,43
0,1848,80,0.3771631379968312,100,1848,80,52,56,36,32,48,29,46
0,1925,77,0.7799940889999561,100,1925,77,60,68,43,45,40,31,57
0,2013,88,0.24785594499917352,100,2013,88,57,66,38,39,41,28,50
0,2093,80,0.035941493002610514,100,2093,80,62,65,39,41,45,21,56
0,2176,83,0.768932004000817,100,2176,83,47,66,45,38,35,20,56
0,2251,75,0.06931255100062117,100,2251,75,49,67,43,38,44,25,61
0,2327,76,0.18428167199817835,100,2327,76,51,58,33,35,43,31,60
0,2399,72,0.39032702799886465,100,2399,72,49,64,35,34,37,23,60
0,2479,80,0.19586068900025566,100,2479,80,53,56,38,43,44,29,57
0,2560,81,0.09242464000271866,100,2560,81,48,64,40,38,46,34,62
0,2642,82,0.5719381839990092,100,2642,82,51,62,47,36,33,31,57
0,2717,75,0.16324052299751202,100,2717,75,51,67,43,38,40,29,62
0,2792,75,0.22520935799911967,100,2792,75,58,63,46,39,40,22,61
0,2867,75,0.5257121499998902,100,2867,75,49,53,47,41,33,22,60
0,2946,79,0.20149554100134992,100,2946,79,54,48,46,40,39,25,59
0,3023,77,0.18834379100007936,100,3023,77,64,45,42,41,41,15,63
0,3102,79,0.16154840699891793,100,3102,79,52,58,36,41,32,20,63
0,3179,77,0.2014162720006425,100,3179,77,50,48,39,39,21,25,71
0,3260,81,0.2248635469986766,100,3260,81,57,50,33,48,27,19,79
0,3335,75,0.13050649499928113,100,3335,75,50,54,33,44,32,29,68
0,3413,78,0.2638020710001001,100,3413,78,57,49,36,50,29,23,64
0,3492,79,0.11152633200254058,100,3492,79,67,62,25,50,35,11,68
0,3572,80,0.6450762629974633,100,3572,80,64,56,27,58,40,23,55
0,3649,77,1.5401562040024146,100,3649,77,55,51,25,40,31,23,57
0,3726,77,0.05454353399909451,100,3726,77,62,54,29,56,41,17,64
0,3802,76,0.22407708300306695,100,3802,76,68,53,33,65,24,19,58
0,3871,69,2.1168780910011264,100,3871,69,62,44,29,67,32,13,49
0,3946,73,0.6172984580007324,100,3944,73,73,51,23,75,23,19,58
0,4015,62,0.3313805850011704,100,4006,62,69,55,31,65,32,7,65
0,4086,61,0.1195256379978673,100,4067,61,71,48,22,70,33,17,64
0,4156,62,0.5482171330004348,100,4129,62,70,47,35,68,29,11,64
1,4229,72,0.8811816980014555,100,4201,67,72,48,29,73,32,13,63
2,4307,46,0.45068404599805945,100,4247,53,78,46,29,73,26,15,63
3,4384,25,0.2450295799972082,100,4272,50,77,55,25,71,25,16,70
4,4466,65,0.2712708620019839,100,4337,56,82,58,19,65,29,24,66
5,4542,28,0.22162508600013098,100,4365,60,70,56,23,76,28,25,67
6,4613,23,0.06683375399734359,100,4388,59,71,50,26,70,30,23,70
7,4693,64,0.27661378600168973,100,4452,65,80,49,14,71,29,28,64
1,4766,71,0.15686845899836044,100,4523,66,71,61,33,73,33,31,58
1,4840,74,0.13032406799902674,100,4597,64,74,58,19,69,41,19,68
1,4907,67,0.1475325219980732,100,4664,66,67,52,19,61,38,33,62
1,4975,68,0.07156310500067775,100,4732,62,68,49,25,65,30,36,63
1,5043,59,0.24253046299782,100,4791,68,59,52,28,64,32,32,60
0,5111,67,0.05695339899830287,100,4858,67,58,49,29,68,34,30,66
0,5183,72,0.06000485099866637,100,4930,72,67,57,28,69,42,33,64
0,5260,70,0.21655528100018273,100,5000,70,62,58,19,77,45,37,73
0,5339,68,1.0038609139992332,100,5068,68,69,59,9,79,40,26,69
0,5416,73,0.7257907569983217,100,5141,73,72,67,16,77,42,25,66
0,5497,72,0.9308504820000962,100,5213,72,75,57,16,81,28,31,64
0,5572,75,0.14837781700043706,100,5288,75,70,69,17,70,39,20,72
0,5645,65,0.1074332050011435,100,5353,65,73,55,18,61,42,33,61
0,5716,71,0.5868523860008281,100,5424,71,64,59,12,64,37,22,59
0,5792,76,0.3254211630010104,100,5500,76,72,51,23,60,39,30,58
0,5858,66,0.33188001300004544,100,5566,66,64,60,20,63,38,21,49
0,5937,68,0.2815497930023412,100,5634,68,79,54,18,64,35,25,49
0,6012,73,0.0578374899996561,100,5707,73,75,67,21,69,39,23,50
1,6088,74,0.32931769299830194,100,5781,73,74,64,19,76,30,30,49
1,6177,89,0.4014367260024301,100,5870,68,89,63,23,67,38,30,49
1,6251,70,0.20129837499916903,100,5940,67,70,62,12,74,39,31,52
1,6323,71,0.22792073100208654,100,6011,72,71,63,12,66,41,34,52
1,6396,73,0.14794219999748748,100,6084,65,73,69,17,69,33,37,58
1,6476,79,0.17758497400063789,100,6163,80,79,65,9,63,43,28,50
1,6556,73,0.20476430899725528,100,6236,79,73,80,18,65,45,23,58
1,6634,69,0.007623052002600161,100,6305,78,69,77,18,70,37,28,56
1,6718,58,0.27340222199927666,100,6363,84,58,83,11,72,46,31,50
0,6803,68,0.4417892550009128,100,6431,68,66,85,7,73,47,29,58
0,6884,79,0.18563932800316252,100,6510,79,70,81,13,74,45,31,60
0,6957,69,0.25811485099984566,100,6579,69,64,70,16,73,40,27,68
0,7037,80,0.7059478459996171,100,6659,80,73,72,10,67,40,46,58
0,7111,74,0.5818491960017127,100,6733,74,70,64,6,63,42,50,66
0,7185,74,0.010020814999734284,100,6807,74,60,67,1,69,38,49,60
0,7266,80,0.7629007530013041,100,6887,80,81,73,1,81,40,54,62
0,7346,80,0.352285105996998,100,6967,80,68,62,7,71,38,65,65
0,7426,76,0.12655706599980476,100,7043,76,71,64,1,80,40,66,68
0,7507,81,0.4703932580014225,100,7124,81,67,67,1,69,44,59,75
0,7580,73,0.048784775000967784,100,7197,73,65,67,1,68,31,67,53
0,7658,72,0.02526536400182522,100,7269,72,67,62,1,74,36,78,63
0,7730,72,0.18394265299866674,100,7341,72,72,64,5,70,37,67,69
0,7806,76,0.15748392500245245,100,7417,76,72,71,4,71,42,62,62
0,7882,67,0.21263292799994815,100,7484,67,75,66,1,76,33,65,61
0,7955,70,2.8185887510007888,100,7554,70,73,69,1,60,39,69,70
0,8030,70,0.24706078999952297,100,7624,70,70,72,1,61,29,74,75
0,8107,66,0.05361313400135259,100,7690,66,70,70,1,69,31,77,70
0,8178,68,0.32801557399943704,100,7758,68,64,68,1,71,30,67,60
0,8259,63,0.5092162490000192,100,7821,63,77,73,1,72,29,81,62
0,8336,67,0.05651057499926537,100,7888,67,68,77,4,69,28,67,59
0,8417,54,0.2628346710007463,100,7942,54,65,70,1,73,33,81,61
1,8499,71,0.15394037000078242,100,8013,66,71,82,1,64,33,77,65
1,8575,68,0.2581273929972667,100,8081,66,68,76,1,70,37,72,61
1,8656,69,0.3376085259988031,100,8150,70,69,81,1,70,34,72,64
1,8732,71,0.06131649000235484,100,8221,65,71,76,1,58,37,74,61
1,8810,61,0.1421550329978345,100,8282,76,61,78,2,63,43,74,58
1,8883,62,0.11357250199944247,100,8344,73,62,70,6,70,41,72,59
1,8962,61,0.21591172499756794,100,8405,65,61,79,1,66,36,71,59
1,9037,65,0.10479015199962305,100,8470,75,65,74,1,73,38,75,60
1,9111,61,0.21623858300154097,100,8531,67,61,69,1,74,33,72,55
2,9183,70,0.4504864170012297,100,8601,72,54,70,5,56,27,68,55
2,9262,70,0.025960846000089077,100,8671,79,58,70,1,67,30,77,45
2,9334,72,0.04419090200099163,100,8743,67,62,72,8,65,27,68,54
2,9409,68,0.07284641699880012,100,8811,70,56,68,1,70,33,75,53
3,9484,16,0.6714636329998029,100,8827,75,49,73,16,61,30,75,45
1,9557,59,0.41367898899989086,100,8886,71,59,73,9,67,32,72,49
2,9633,68,0.25322502099879785,100,8954,76,50,68,16,73,26,73,50
2,9710,65,0.8044061270011298,100,9019,77,48,65,25,66,35,76,53
2,9786,64,0.5016510550012754,100,9083,76,49,64,12,62,29,74,55
2,9864,67,1.2480218350028736,100,9150,78,50,67,19,75,30,75,46
0,9946,79,0.33395690899851616,100,9229,79,35,69,16,82,31,72,51
0,10022,73,0.22864170499815373,100,9302,73,50,60,15,76,24,74,49
0,10105,75,0.22066838799946709,100,9377,75,52,72,12,83,23,73,50
0,10199,69,0.014152484000078402,100,9446,69,36,73,23,94,17,67,51
0,10280,68,0.033266071000980446,100,9514,68,43,68,17,81,16,69,62
0,10363,66,0.12247065399787971,100,9580,66,50,76,17,79,14,83,64
0,10446,69,0.29769709700121894,100,9649,69,47,69,35,83,22,61,64
4,10527,81,0.25845334899713635,100,9730,72,46,76,18,81,29,65,69
4,10614,87,0.03573601999960374,100,9817,63,42,68,31,87,29,65,79
4,10712,98,0.12834161199862137,100,9915,67,51,73,22,98,24,60,79
4,10809,97,0.02515507099815295,100,10012,75,39,75,30,97,27,65,63
4,10895,86,0.006488506001915084,100,10098,71,45,73,38,86,28,69,67
4,10981,86,0.16737939900122,100,10184,69,53,80,28,86,24,75,63
4,11061,76,0.0672997440015024,100,10260,80,54,65,34,76,21,76,65
4,11144,83,0.2585667890016339,100,10343,73,59,79,42,83,22,70,64
4,11225,81,0.1714753819978796,100,10424,76,48,81,47,81,13,77,66
4,11307,82,0.1069113630001084,100,10506,75,41,64,42,82,16,75,69
4,11383,76,0.07493692500065663,100,10582,73,57,67,44,76,11,70,65
4,11461,78,0.314829312999791,100,10660,63,46,69,46,78,23,69,70
4,11540,79,0.015277651997166686,100,10739,62,43,72,43,79,25,74,67
4,11612,68,0.23021348900147132,100,10807,58,35,71,47,68,28,72,72
4,11684,70,0.4867579929996282,100,10877,58,48,72,44,70,14,62,70
4,11770,65,0.026207068000076106,100,10942,64,52,59,46,65,25,57,86
7,11852,82,0.05599406200053636,100,11024,61,52,60,37,66,30,58,82
7,11934,82,0.29996756899709,100,11106,54,52,57,45,64,19,57,82
7,12012,78,0.10415363100037212,100,11184,58,47,66,33,69,18,54,78
7,12098,86,0.14922745600051712,100,11270,71,57,58,34,64,27,48,86
7,12181,83,0.2532720769995649,100,11353,61,59,63,34,73,19,56,83
7,12273,92,0.4155276179990324,100,11445,61,58,64,29,64,25,62,92
7,12358,85,0.09018256000126712,100,11530,57,51,57,33,65,17,57,85
7,12436,78,0.11465921399940271,100,11608,54,64,44,40,64,17,62,78
7,12518,82,0.639564151999366,100,11690,64,60,44,42,71,7,53,82
7,12606,88,1.2549428410020482,100,11778,54,58,59,49,70,13,55,88
7,12692,86,0.24506491899956018,100,11864,57,59,63,37,75,19,66,86
7,12780,88,0.3663530539997737,100,11952,60,55,61,48,66,13,59,88
7,12868,88,0.38586194699746557,100,12040,70,63,58,42,61,17,55,88
7,12951,83,1.1165949659989565,100,12123,59,64,62,48,64,11,57,83
7,13038,87,0.10789451000164263,100,12210,60,67,57,45,73,25,65,87
7,13125,87,0.47109604499928537,100,12297,64,61,47,40,62,25,64,87
7,13213,88,2.1127406030027487,100,12385,59,53,47,48,67,33,65,88
7,13300,87,0.1527639289997751,100,12472,63,69,51,59,65,37,64,87
7,13386,86,0.2002320889987459,100,12558,69,64,49,52,64,42,69,86
7,13462,76,0.5317112049997377,100,12634,71,54,46,57,66,39,75,76
7,13538,76,2.161809525001445,100,12710,66,50,48,66,68,42,67,76
7,13617,79,0.021728671999881044,100,12789,66,52,53,66,56,33,66,79
7,13696,74,0.8390705740021076,100,12863,67,59,56,71,59,39,79,74
7,13777,69,0.24885233900204184,100,12932,70,53,64,58,53,47,81,69
7,13853,68,0.2119661750002706,100,13000,69,45,57,47,49,44,76,68
7,13929,65,0.2132143479975639,100,13065,64,51,60,60,55,46,76,65
7,14010,69,0.22949509599857265,100,13134,68,47,50,65,50,51,81,69
7,14085,74,0.25847650800278643,100,13208,71,47,60,69,47,48,75,74
6,14161,76,0.08273335799822235,100,13284,69,47,60,72,45,45,76,60
6,14237,76,0.2986784139975498,100,13360,57,46,62,71,45,33,76,68
6,14308,71,0.2547753910002939,100,13431,60,45,56,67,48,43,71,62
5,14380,48,0.20911122399775195,100,13479,68,42,49,62,47,48,72,61
5,14449,40,0.7562870919973648,100,13519,68,39,63,67,48,40,69,61
5,14523,47,0.3285000640025828,100,13566,67,36,51,68,44,47,74,70
4,14598,41,1.0038889679999556,100,13607,62,40,55,75,41,44,62,63
4,14670,34,0.21168653899803758,100,13641,60,38,52,72,34,36,66,63
3,14747,77,0.30409423599849106,100,13718,58,39,52,77,26,38,74,67
1,14815,50,0.7655079279975325,100,13768,58,50,51,68,34,46,61,61
2,14881,44,0.0006340430009004194,100,13812,60,45,44,66,43,38,57,62
0,14948,52,0.3881125970001449,100,13864,52,47,41,67,34,53,62,66
3,15016,63,0.0828890209995734,100,13927,57,45,49,63,32,46,68,56
3,15094,78,0.2533943039998121,100,14005,60,53,40,78,27,40,65,67
3,15169,75,0.12898553899867693,100,14080,47,49,42,75,31,41,65,67
3,15241,72,0.3015986409991456,100,14152,59,52,53,72,25,43,72,67
3,15320,79,0.9583815270016203,100,14231,53,59,50,79,40,41,70,63
3,15397,77,0.1827292639973166,100,14308,64,43,49,77,37,31,75,73
3,15479,82,0.08643807900079992,100,14390,65,49,41,82,42,36,69,64
3,15561,82,0.2926859389990568,100,14472,63,47,37,82,42,35,64,59
3,15648,87,1.6333699850001722,100,14559,58,42,44,87,49,31,75,63
