choice,max_possible,points,reaction_time,subject,total_points,0,1,2,3,4,5,6,7
0,86,58,0.526856318465434,113,58,58,61,82,55,52,44,63,86
0,173,65,0.3888237827923149,113,123,65,64,80,58,50,38,62,87
0,262,54,0.38984464353416115,113,177,54,68,81,62,54,43,55,89
1,356,76,0.15366546611767262,113,253,58,76,83,60,49,46,61,94
1,444,68,0.2480038811918348,113,321,48,68,76,51,52,46,67,88
1,530,71,0.3825808512046933,113,392,60,71,76,57,53,38,63,86
1,617,69,0.2457170250127092,113,461,58,69,78,64,57,34,64,87
1,701,71,0.29085891193244606,113,532,48,71,81,52,56,38,74,84
2,786,84,0.28131594392471015,113,616,51,62,84,55,63,42,70,85
2,871,85,0.38094171369448304,113,701,54,67,85,50,57,50,69,80
2,966,95,0.2712091023568064,113,796,56,61,95,50,59,39,69,74
2,1047,81,0.4427642732625827,113,877,58,51,81,51,55,36,74,77
2,1137,82,0.21468349790666252,113,959,54,68,82,59,62,32,72,90
3,1224,48,0.10003027378115803,113,1007,65,65,87,48,62,38,58,80
2,1311,75,0.49053863692097366,113,1082,57,56,75,58,62,32,55,87
2,1392,81,0.5656899899477139,113,1163,66,63,81,59,58,34,61,76
2,1473,81,0.5039167130598798,113,1244,62,59,81,55,66,30,60,77
2,1567,94,0.534583498374559,113,1338,65,63,94,54,65,25,53,77
2,1654,87,0.6114994364324957,113,1425,68,63,87,54,62,29,61,77
2,1741,87,0.43328338908031583,113,1512,58,64,87,56,62,34,57,84
2,1822,81,0.3873152129817754,113,1593,64,57,81,43,61,31,58,75
2,1905,79,0.12965443695429713,113,1672,72,66,79,42,68,30,53,83
2,1991,86,0.3878566852072254,113,1758,72,64,86,42,73,23,56,74
2,2075,84,0.40546669345349073,113,1842,66,65,84,42,70,13,54,80
2,2160,75,0.6366350125754252,113,1917,61,58,75,55,71,19,55,85
2,2236,76,0.6221503104316071,113,1993,62,59,76,46,66,23,52,71
2,2309,73,0.5876541770994663,113,2066,64,66,73,45,72,14,43,68
2,2388,72,0.8447542797075585,113,2138,57,59,72,42,79,27,50,79
2,2474,84,0.6534884956199676,113,2222,54,55,84,40,71,15,53,86
2,2550,74,0.3336147367954254,113,2296,56,58,74,47,71,17,45,76
2,2636,86,0.24499314208514988,113,2382,58,62,86,45,74,26,51,73
2,2717,81,0.30242440034635365,113,2463,60,57,81,49,59,26,54,70
2,2798,81,0.13111756404396147,113,2544,57,48,81,49,67,27,42,67
2,2874,76,0.1796369319781661,113,2620,66,51,76,52,63,30,47,74
2,2958,81,0.9443006847286597,113,2701,70,50,81,46,68,32,46,84
2,3033,73,0.8946286082500592,113,2774,69,48,73,37,70,36,38,75
2,3110,68,0.520203122519888,113,2842,69,56,68,38,71,33,46,77
2,3190,73,0.6059893484925851,113,2915,80,51,73,34,70,39,44,76
2,3267,74,0.5543504349188879,113,2989,77,49,74,38,68,40,41,70
4,3346,79,0.01103489683009684,113,3068,64,50,77,34,79,34,52,65
4,3426,63,0.3477922206511721,113,3131,62,42,80,30,63,39,47,73
4,3502,65,0.309919246356003,113,3196,71,49,76,47,65,40,47,64
4,3583,71,0.5381593912607059,113,3267,65,41,81,39,71,36,55,68
4,3658,63,0.6534545735921711,113,3330,67,44,75,38,63,44,55,75
2,3729,71,0.3848645071266219,113,3401,64,55,71,36,69,45,57,70
2,3814,85,0.326042445958592,113,3486,59,48,85,36,72,45,56,73
2,3888,74,0.31370571185834706,113,3560,51,44,74,40,67,49,54,70
2,3970,79,0.25411368475761265,113,3639,61,48,79,32,82,47,60,75
2,4050,76,0.25849602569360286,113,3715,52,50,76,40,80,47,56,67
2,4134,84,0.0029934581834822893,113,3799,53,46,84,40,80,52,61,74
2,4217,83,0.03908776643220335,113,3882,50,48,83,45,77,53,51,66
2,4304,87,0.18406791577581316,113,3969,60,43,87,48,83,52,55,73
2,4395,91,1.5159302281681448,113,4060,51,43,91,45,84,42,66,62
2,4488,93,0.5172647075960413,113,4153,49,40,93,52,87,41,60,73
2,4576,87,0.2598599469056353,113,4240,51,41,87,46,88,42,47,56
2,4658,82,0.08568766014650464,113,4322,46,50,82,54,82,29,50,56
2,4756,98,1.4388325193431228,113,4420,48,37,98,45,90,44,50,59
2,4855,92,0.0686210443964228,113,4512,48,36,92,51,99,41,56,63
2,4955,100,0.7463420222047716,113,4612,49,42,100,49,87,43,50,56
2,5055,100,0.04170744237489998,113,4712,42,47,100,43,89,40,41,57
2,5155,100,0.8946202878141776,113,4812,51,45,100,47,84,41,34,49
2,5249,94,0.8321250480366871,113,4906,47,44,94,44,88,32,42,48
2,5349,100,0.36286767793353647,113,5006,49,43,100,47,95,30,42,49
2,5441,92,0.29549214767757803,113,5098,47,46,92,44,87,28,44,48
2,5538,97,0.23400048771873116,113,5195,51,47,97,46,94,20,45,44
2,5636,98,0.04242940549738705,113,5293,50,38,98,53,90,23,45,44
2,5736,100,1.1038679422345012,113,5393,46,47,100,52,88,30,45,44
2,5833,97,0.003316037356853485,113,5490,55,38,97,53,92,36,51,37
2,5925,92,0.9126412004698068,113,5582,47,38,92,41,73,27,42,41
2,6019,94,0.5941435234853998,113,5676,53,46,94,42,76,38,41,40
2,6119,100,0.45150591363199055,113,5776,41,52,100,44,80,31,39,36
2,6218,99,0.5998027402674779,113,5875,41,39,99,43,90,29,45,44
2,6309,91,0.5678987613646314,113,5966,47,45,91,42,85,35,51,45
2,6405,96,0.08005980507005006,113,6062,37,45,96,43,82,47,45,52
2,6496,91,0.7543680999660864,113,6153,44,42,91,44,78,37,33,54
2,6585,78,0.8385177485179156,113,6231,40,52,78,40,89,42,47,48
2,6674,84,0.576941859559156,113,6315,49,36,84,43,89,35,34,63
2,6758,78,0.29791469196788967,113,6393,45,36,78,33,84,37,36,57
2,6837,77,0.48051692044828087,113,6470,42,46,77,28,79,39,32,65
3,6914,39,0.15905330679379404,113,6509,50,50,77,39,74,43,37,53
4,6991,66,0.19992485945113003,113,6575,61,45,77,40,66,41,45,59
2,7073,82,0.06670285016298294,113,6657,46,49,82,44,75,37,36,57
2,7156,83,0.2951529275160283,113,6740,50,57,83,32,73,42,46,63
2,7227,71,0.15009021339938045,113,6811,47,52,71,41,69,39,43,61
2,7309,82,0.08431861875578761,113,6893,50,44,82,34,71,48,57,56
5,7388,31,0.06955101969651878,113,6924,44,46,79,37,66,31,49,60
2,7465,77,0.28602406405843794,113,7001,41,48,77,36,66,37,55,68
2,7553,88,0.24703870376106352,113,7089,48,50,88,32,67,36,55,71
2,7633,80,0.15182535664644092,113,7169,43,46,80,23,79,40,55,63
2,7710,77,1.1587704099947587,113,7246,36,45,77,27,65,42,50,63
2,7783,73,0.12232408078853041,113,7319,35,45,73,16,71,42,46,69
2,7853,70,0.13181904586963356,113,7389,32,43,70,27,70,38,49,62
2,7920,67,0.6803502544062212,113,7456,22,47,67,32,64,28,47,65
2,7997,77,0.5293108646292239,113,7533,37,44,77,30,63,31,50,55
2,8072,75,0.14708843478001654,113,7608,32,45,75,31,64,33,42,67
2,8150,78,0.5031179455108941,113,7686,40,45,78,37,75,36,48,66
2,8229,79,0.43860722589306533,113,7765,29,55,79,38,71,37,39,60
2,8300,71,0.3985261202324182,113,7836,37,46,71,31,66,36,36,55
2,8369,69,0.49479809042531997,113,7905,35,36,69,34,67,34,40,54
2,8440,70,0.4103962667286396,113,7975,41,49,70,31,71,31,40,57
2,8514,74,0.4081983760697767,113,8049,43,43,74,34,70,36,36,62
2,8579,65,0.37105632526800036,113,8114,39,28,65,36,59,36,39,48
2,8643,63,0.31538389169145375,113,8177,43,45,63,41,64,35,45,50
2,8707,64,0.2620904797222465,113,8241,44,55,64,29,64,41,37,44
6,8774,50,0.33497993799392134,113,8291,52,45,67,30,67,35,50,50
7,8842,45,0.05309308005962521,113,8336,53,36,68,41,62,48,40,45
7,8907,43,2.4607167018111795,113,8379,45,46,65,33,64,33,45,43
2,8979,66,0.7930091198068112,113,8445,47,43,66,28,72,34,37,46
2,9040,59,0.39165339118335396,113,8504,39,52,59,32,61,43,42,34
0,9106,50,0.7747200314188376,113,8554,50,48,59,30,66,38,45,33
1,9171,54,0.6807003553258255,113,8608,41,54,47,30,65,40,38,38
2,9232,57,0.33279676805250347,113,8665,42,51,57,29,61,36,44,40
3,9294,37,0.25473004148807377,113,8702,42,39,62,37,60,37,36,35
2,9355,61,0.4270987008931115,113,8763,36,45,61,28,61,43,45,45
2,9424,56,0.32738396583590657,113,8819,44,59,56,35,69,45,43,40
4,9488,61,0.9365427829325199,113,8880,44,57,64,30,61,43,44,48
4,9561,73,0.324417389347218,113,8953,33,50,67,29,73,41,40,40
4,9627,66,0.2883870848454535,113,9019,40,57,63,35,66,42,37,43
4,9694,67,0.5275097974808887,113,9086,37,59,60,26,67,42,39,35
4,9755,61,0.3373192772269249,113,9147,33,56,53,31,61,41,39,47
4,9821,66,1.0353486640378833,113,9213,49,66,52,32,66,36,35,40
4,9884,63,0.3490159733919427,113,9276,41,60,63,40,63,44,46,39
4,9949,65,0.003565652179531753,113,9341,44,65,50,35,65,32,47,42
4,10016,66,0.2796243232442066,113,9407,47,67,51,31,66,38,57,42
4,10086,69,0.23285609961021692,113,9476,40,70,38,20,69,44,52,35
4,10162,76,0.017523603048175573,113,9552,38,67,45,24,76,39,55,40
4,10231,69,0.2740694326348603,113,9621,44,62,46,27,69,43,47,40
4,10299,68,0.06393084512092173,113,9689,42,67,40,35,68,43,47,44
4,10368,69,0.12406882457435131,113,9758,44,65,44,28,69,27,54,34
4,10441,73,0.5414767087204382,113,9831,48,66,37,40,73,34,57,30
4,10517,76,0.019628688343800604,113,9907,43,72,25,27,76,39,58,28
4,10582,65,0.32570258586201817,113,9972,45,57,33,36,65,50,39,33
4,10650,68,0.4277630604337901,113,10040,42,68,26,35,68,45,59,32
4,10718,63,0.46700763632543385,113,10103,44,66,30,30,63,53,68,32
4,10786,68,0.44273611158132553,113,10171,36,66,30,38,68,48,62,33
4,10851,60,0.4890812700614333,113,10231,44,65,34,34,60,49,61,36
4,10921,52,0.2856835637940094,113,10283,47,70,22,38,52,38,68,39
4,10985,63,0.07889621588401496,113,10346,34,64,29,44,63,37,60,36
4,11050,61,0.9368416807847098,113,10407,26,62,29,38,61,39,65,34
4,11114,59,1.5087240393040702,113,10466,42,64,28,39,59,42,58,37
4,11172,58,0.7746605077991262,113,10524,33,58,23,41,58,53,56,44
4,11233,61,0.6286306960973889,113,10585,32,55,27,38,61,41,51,34
4,11295,62,0.572105091647245,113,10647,41,61,26,35,62,47,53,37
4,11355,60,0.30381456296890974,113,10707,34,58,22,47,60,44,55,27
4,11419,59,0.2850620868848637,113,10766,31,64,21,46,59,44,49,34
4,11484,65,0.31606553227175027,113,10831,24,57,24,41,65,46,49,30
4,11548,64,0.30635935440659523,113,10895,21,50,23,47,64,51,45,34
4,11618,70,0.2926779001718387,113,10965,33,51,31,41,70,50,46,25
4,11681,63,0.27953535795677453,113,11028,32,55,41,51,63,47,51,28
4,11759,78,0.042166989762336016,113,11106,34,53,26,41,78,46,46,22
4,11838,79,0.06249267957173288,113,11185,35,48,35,46,79,49,43,32
4,11911,73,0.7959731363225728,113,11258,33,54,34,43,73,54,50,29
4,11988,77,0.4306989151518792,113,11335,36,47,36,48,77,43,53,31
4,12063,75,0.26345760095864534,113,11410,26,39,30,46,75,50,48,31
4,12130,67,0.25368677941150963,113,11477,28,49,35,41,67,51,49,38
4,12199,69,0.05247864359989762,113,11546,29,46,37,41,69,58,49,43
4,12270,71,0.04598673712462187,113,11617,26,44,33,42,71,57,42,41
4,12332,62,0.5480787017149851,113,11679,29,43,40,53,62,56,50,43
4,12398,66,0.2146425355458632,113,11745,32,51,35,56,66,41,49,33
4,12458,60,0.221093479427509,113,11805,32,50,41,53,60,51,55,44
4,12522,64,0.1663849432952702,113,11869,22,52,36,54,64,46,43,39
4,12582,60,0.160298180882819,113,11929,22,50,39,53,60,51,41,28
4,12645,63,0.03111033164896071,113,11992,27,47,43,58,63,47,51,42
4,12712,67,0.10530482768081129,113,12059,16,47,43,51,67,43,50,41
4,12776,64,0.041219733422622085,113,12123,13,46,46,63,64,58,45,36
4,12839,63,0.6635377337224782,113,12186,11,47,48,55,63,56,55,30
4,12900,61,0.012119761318899691,113,12247,28,38,51,47,61,56,47,40
4,12970,70,0.5915238475427032,113,12317,25,41,50,53,70,52,45,30
4,13035,65,0.5377139247721061,113,12382,27,44,47,53,65,58,51,36
4,13103,68,0.2746537874918431,113,12450,35,37,55,54,68,62,57,29
4,13166,63,0.3614640743471682,113,12513,35,48,49,56,63,62,54,29
4,13232,61,0.20014503260608763,113,12574,31,46,43,66,61,59,50,33
4,13300,68,0.3661465930053964,113,12642,51,43,42,63,68,58,53,27
4,13364,64,0.26720118371304125,113,12706,37,35,57,61,64,64,53,28
4,13430,50,0.052293672459200025,113,12756,36,48,47,47,50,66,49,29
4,13491,61,0.13919100468046963,113,12817,56,51,46,45,61,59,48,35
4,13550,54,0.10608375410083681,113,12871,52,48,51,59,54,53,54,36
4,13609,59,0.1885353815741837,113,12930,50,55,43,55,59,56,53,39
4,13666,57,0.40483049547765404,113,12987,51,41,46,53,57,57,46,40
4,13725,59,0.4391173362964764,113,13046,51,44,47,47,59,49,54,34
4,13787,62,0.2376826269319281,113,13108,58,52,46,51,62,54,51,37
4,13853,60,0.24388523597735912,113,13168,66,57,46,48,60,57,44,32
4,13917,59,0.19086768047418445,113,13227,64,52,42,57,59,55,44,36
4,13979,55,0.00794095266610384,113,13282,62,58,41,56,55,55,41,36
4,14036,56,0.031249219900928438,113,13338,57,54,48,57,56,55,46,31
4,14102,58,0.07595076051075011,113,13396,66,57,55,54,58,61,44,38
5,14177,53,0.0035246898187324405,113,13449,75,54,46,56,62,53,52,36
5,14241,51,0.4374346761032939,113,13500,64,58,49,55,52,51,52,42
5,14306,58,0.25524015189148486,113,13558,65,58,49,53,57,58,54,34
5,14375,50,0.25466283748392016,113,13608,69,65,49,57,46,50,55,32
6,14440,49,0.1660322822863236,113,13657,65,57,48,57,47,46,49,27
5,14504,51,0.3007961433613673,113,13708,53,64,41,59,48,51,55,28
7,14569,38,0.16674720484297723,113,13746,61,65,35,58,37,40,45,38
5,14631,36,0.19908896973356605,113,13782,62,56,31,50,36,36,42,31
4,14691,58,0.4193151976214722,113,13840,60,60,41,51,58,37,42,31
4,14760,55,0.28714221075642854,113,13895,69,56,27,59,55,40,37,27
4,14821,48,0.31413453724235296,113,13943,61,48,38,58,48,51,45,33
4,14882,53,0.3348423298448324,113,13996,61,47,41,58,53,54,46,27
0,14954,72,0.3205982819199562,113,14068,72,41,29,56,53,47,46,37
0,15016,62,0.32011825346853584,113,14130,62,47,41,51,56,55,35,25
