choice,max_possible,points,reaction_time,subject,total_points,0,1,2,3
0,75,75,2.12703028076794,113,75,75,52,64,59
0,156,81,0.4669903552858159,113,156,81,57,65,48
0,232,76,0.0255253593204543,113,232,76,53,62,36
0,308,76,0.23338029079604894,113,308,76,56,67,39
0,383,75,0.2308220585109666,113,383,75,59,70,46
0,460,77,0.03457869810517877,113,460,77,64,66,37
0,537,77,0.08163749903906137,113,537,77,65,65,40
0,612,75,0.9798432802781463,113,612,75,52,68,47
0,687,75,0.4921348917996511,113,687,75,51,70,39
1,768,54,0.30546714132651687,113,741,81,54,69,51
0,846,78,0.08935699856374413,113,819,78,46,61,51
0,927,81,0.23437362990807742,113,900,81,47,65,49
0,1006,79,0.15611745219212025,113,979,79,48,67,42
0,1089,83,0.5955912895733491,113,1062,83,54,74,48
0,1175,86,0.009344556252472103,113,1148,86,60,64,46
0,1260,85,0.4405548619106412,113,1233,85,62,68,52
0,1342,82,0.5612276442116126,113,1315,82,69,49,37
0,1435,93,0.5185364632634446,113,1408,93,64,68,47
0,1528,93,1.3515889265108854,113,1501,93,67,67,47
0,1608,80,0.6370004742639139,113,1581,80,63,53,39
0,1689,81,0.08876368321944028,113,1662,81,68,61,46
3,1768,41,0.010625272407196462,113,1703,79,58,51,41
0,1848,80,0.7979489339049906,113,1783,80,52,56,36
0,1925,77,0.6027782773599029,113,1860,77,60,68,43
0,2013,88,0.32427914114668965,113,1948,88,57,66,38
0,2093,80,0.18155768630094826,113,2028,80,62,65,39
0,2176,83,0.10603767132852226,113,2111,83,47,66,45
0,2251,75,0.23314923711586744,113,2186,75,49,67,43
1,2327,51,0.2888159102294594,113,2237,76,51,58,33
0,2399,72,0.02526358375325799,113,2309,72,49,64,35
2,2479,56,0.18333251192234457,113,2365,80,53,56,38
0,2560,81,0.349242546944879,113,2446,81,48,64,40
3,2642,47,0.4422989656450227,113,2493,82,51,62,47
0,2717,75,0.32930920051876456,113,2568,75,51,67,43
0,2792,75,0.2363315065158531,113,2643,75,58,63,46
0,2867,75,0.3736478395294398,113,2718,75,49,53,47
0,2946,79,0.33833373757079244,113,2797,79,54,48,46
0,3023,77,0.3350317811127752,113,2874,77,64,45,42
0,3102,79,0.019668370601721108,113,2953,79,52,58,36
0,3179,77,0.3948183795437217,113,3030,77,50,48,39
0,3260,81,0.3529195657465607,113,3111,81,57,50,33
0,3335,75,0.04611090454272926,113,3186,75,50,54,33
0,3413,78,0.47784988151397556,113,3264,78,57,49,36
0,3492,79,0.4216334156226367,113,3343,79,67,62,25
0,3572,80,0.38609978067688644,113,3423,80,64,56,27
0,3649,77,0.059072315925732255,113,3500,77,55,51,25
0,3726,77,0.36831824225373566,113,3577,77,62,54,29
0,3802,76,0.8124803587561473,113,3653,76,68,53,33
3,3871,29,0.3743902835994959,113,3682,69,62,44,29
0,3944,73,0.23806984990369529,113,3755,73,73,51,23
1,4013,69,0.3978540803072974,113,3824,62,69,55,31
0,4084,61,0.07069028750993311,113,3885,61,71,48,22
0,4154,62,0.13781876303255558,113,3947,62,70,47,35
1,4226,72,0.04837471921928227,113,4019,67,72,48,29
1,4304,78,0.35628424608148634,113,4097,53,78,46,29
1,4381,77,0.7035829973174259,113,4174,50,77,55,25
1,4463,82,0.4679964950773865,113,4256,56,82,58,19
1,4533,70,0.4177727057831362,113,4326,60,70,56,23
1,4604,71,0.3656140813836828,113,4397,59,71,50,26
2,4684,49,0.30512600112706423,113,4446,65,80,49,14
1,4755,71,0.294520569848828,113,4517,66,71,61,33
1,4829,74,0.47468169312924147,113,4591,64,74,58,19
1,4896,67,0.2516821800963953,113,4658,66,67,52,19
1,4964,68,0.19218679890036583,113,4726,62,68,49,25
0,5032,68,0.3042811508057639,113,4794,68,59,52,28
0,5099,67,0.23460340360179543,113,4861,67,58,49,29
0,5171,72,0.5933492361800745,113,4933,72,67,57,28
0,5241,70,0.3334310457576066,113,5003,70,62,58,19
0,5310,68,0.4711205210769549,113,5071,68,69,59,9
1,5383,72,0.0014400857035070658,113,5143,73,72,67,16
1,5458,75,0.510933450772427,113,5218,72,75,57,16
1,5533,70,0.2506472385721281,113,5288,75,70,69,17
1,5606,73,0.4306713935220614,113,5361,65,73,55,18
1,5677,64,0.28659369808156043,113,5425,71,64,59,12
0,5753,76,0.12265626050066203,113,5501,76,72,51,23
0,5819,66,0.2730082494672388,113,5567,66,64,60,20
1,5898,79,0.034485892625525594,113,5646,68,79,54,18
1,5973,75,0.5415643939049914,113,5721,73,75,67,21
0,6047,73,0.23269673017784953,113,5794,73,74,64,19
1,6136,89,0.15841710905078799,113,5883,68,89,63,23
1,6206,70,0.45053625595755875,113,5953,67,70,62,12
0,6278,72,0.19956323807127774,113,6025,72,71,63,12
0,6351,65,0.06305591308046132,113,6090,65,73,69,17
1,6431,79,0.1285452509764582,113,6169,80,79,65,9
1,6511,73,0.04282238881569356,113,6242,79,73,80,18
0,6589,78,0.5663345081266016,113,6320,78,69,77,18
0,6673,84,0.09004567959345877,113,6404,84,58,83,11
0,6758,68,0.07547265209723264,113,6472,68,66,85,7
1,6839,70,0.7463177008321509,113,6542,79,70,81,13
0,6909,69,0.5654973384225741,113,6611,69,64,70,16
0,6989,80,0.10937483003363013,113,6691,80,73,72,10
0,7063,74,0.11053905927110463,113,6765,74,70,64,6
0,7137,74,0.04263869789429009,113,6839,74,60,67,1
0,7218,80,0.5681522163795307,113,6919,80,81,73,1
0,7298,80,0.6099166222847998,113,6999,80,68,62,7
0,7374,76,0.23235494981054217,113,7075,76,71,64,1
1,7455,67,0.24601592286489904,113,7142,81,67,67,1
0,7528,73,0.07276913116220385,113,7215,73,65,67,1
0,7600,72,0.24828293779864907,113,7287,72,67,62,1
0,7672,72,1.0813110795570537,113,7359,72,72,64,5
0,7748,76,0.08017181174363941,113,7435,76,72,71,4
0,7823,67,0.058265867992304265,113,7502,67,75,66,1
1,7896,73,0.15184967801906168,113,7575,70,73,69,1
1,7968,70,0.1024342569289729,113,7645,70,70,72,1
1,8038,70,0.026904001366347075,113,7715,66,70,70,1
1,8106,64,0.39622134307865053,113,7779,68,64,68,1
0,8183,63,0.4788150590611622,113,7842,63,77,73,1
0,8260,67,0.27428000525105745,113,7909,67,68,77,4
1,8330,65,0.29266061924863607,113,7974,54,65,70,1
1,8412,71,0.1310228385264054,113,8045,66,71,82,1
1,8488,68,0.49640586599707603,113,8113,66,68,76,1
1,8569,69,0.6137792521622032,113,8182,70,69,81,1
1,8645,71,0.3551468983059749,113,8253,65,71,76,1
1,8723,61,0.3206808469258249,113,8314,76,61,78,2
0,8796,73,0.32914151053410023,113,8387,73,62,70,6
0,8875,65,0.3928950651315972,113,8452,65,61,79,1
0,8950,75,0.41585835185833275,113,8527,75,65,74,1
0,9019,67,0.28132618451491,113,8594,67,61,69,1
1,9091,54,0.6320971423992887,113,8648,72,54,70,5
0,9170,79,0.16676512593403459,113,8727,79,58,70,1
0,9242,67,0.4857447515241802,113,8794,67,62,72,8
1,9312,56,0.3689377992413938,113,8850,70,56,68,1
0,9387,75,0.022325168829411268,113,8925,75,49,73,16
0,9460,71,0.3242356185801327,113,8996,71,59,73,9
0,9536,76,0.18780829838942736,113,9072,76,50,68,16
0,9613,77,0.29057601501699537,113,9149,77,48,65,25
0,9689,76,0.22327216912526637,113,9225,76,49,64,12
0,9767,78,0.24114651302807033,113,9303,78,50,67,19
0,9846,79,0.32602068479172885,113,9382,79,35,69,16
0,9919,73,0.26129555224906653,113,9455,73,50,60,15
1,9994,52,0.19060654484201223,113,9507,75,52,72,12
0,10067,69,0.05480198189616203,113,9576,69,36,73,23
0,10135,68,0.18565008987206966,113,9644,68,43,68,17
0,10211,66,0.4367344743805006,113,9710,66,50,76,17
1,10280,47,0.41150161251425743,113,9757,69,47,69,35
0,10356,72,0.34142512164544314,113,9829,72,46,76,18
0,10424,63,0.31567894923500717,113,9892,63,42,68,31
0,10497,67,0.41997891711071134,113,9959,67,51,73,22
0,10572,75,0.21691339078824967,113,10034,75,39,75,30
0,10645,71,0.27543975424487144,113,10105,71,45,73,38
0,10725,69,0.23843339155428112,113,10174,69,53,80,28
0,10805,80,0.28356311772949994,113,10254,80,54,65,34
0,10884,73,0.5088309255661443,113,10327,73,59,79,42
0,10965,76,0.31853479926940054,113,10403,76,48,81,47
0,11040,75,0.6250176810426638,113,10478,75,41,64,42
0,11113,73,0.03880550968460739,113,10551,73,57,67,44
0,11182,63,0.321612102445215,113,10614,63,46,69,46
1,11254,43,0.5521525441436097,113,10657,62,43,72,43
0,11325,58,0.35783185821492225,113,10715,58,35,71,47
0,11397,58,0.6793498749611899,113,10773,58,48,72,44
0,11461,64,0.6850590147078037,113,10837,64,52,59,46
0,11522,61,0.6728112457785755,113,10898,61,52,60,37
0,11579,54,1.2658423830289394,113,10952,54,52,57,45
0,11645,58,0.5731598744168878,113,11010,58,47,66,33
2,11716,58,0.10425260511692613,113,11068,71,57,58,34
2,11779,63,0.2541239254642278,113,11131,61,59,63,34
2,11843,64,0.06586952053476125,113,11195,61,58,64,29
2,11900,57,0.02690208121202886,113,11252,57,51,57,33
2,11964,44,0.26564909145236015,113,11296,54,64,44,40
3,12028,42,0.05129841319285333,113,11338,64,60,44,42
1,12087,58,0.13104972010478377,113,11396,54,58,59,49
0,12150,57,0.007674696738831699,113,11453,57,59,63,37
1,12211,55,0.1864635783713311,113,11508,60,55,61,48
1,12281,63,0.05131569434888661,113,11571,70,63,58,42
1,12345,64,0.5461816288297996,113,11635,59,64,62,48
1,12412,67,0.6708149668993428,113,11702,60,67,57,45
1,12476,61,0.5317174078663811,113,11763,64,61,47,40
1,12535,53,0.09209956182166934,113,11816,59,53,47,48
0,12604,63,0.49917723098769784,113,11879,63,69,51,59
0,12673,69,0.1717740639578551,113,11948,69,64,49,52
0,12744,71,0.4038800389971584,113,12019,71,54,46,57
0,12810,66,0.3118771229637787,113,12085,66,50,48,66
0,12876,66,0.3395555702736601,113,12151,66,52,53,66
1,12947,59,0.5417852071113884,113,12210,67,59,56,71
1,13017,53,0.38871689641382545,113,12263,70,53,64,58
0,13086,69,0.4949414589209482,113,12332,69,45,57,47
0,13150,64,0.3738750531338155,113,12396,64,51,60,60
0,13218,68,0.45988721249159425,113,12464,68,47,50,65
0,13289,71,0.3058985270326957,113,12535,71,47,60,69
0,13361,69,0.28215183364227414,113,12604,69,47,60,72
0,13432,57,0.3614717547316104,113,12661,57,46,62,71
0,13499,60,0.4341845626477152,113,12721,60,45,56,67
0,13567,68,0.3877657998818904,113,12789,68,42,49,62
0,13635,68,0.409907917608507,113,12857,68,39,63,67
0,13703,67,0.4525171738350764,113,12924,67,36,51,68
0,13778,62,0.37649408890865743,113,12986,62,40,55,75
0,13850,60,0.5465528508648276,113,13046,60,38,52,72
0,13927,58,0.4205453508766368,113,13104,58,39,52,77
0,13995,58,0.20259637851268053,113,13162,58,50,51,68
0,14061,60,0.6045070202089846,113,13222,60,45,44,66
0,14128,52,0.6408701445907354,113,13274,52,47,41,67
1,14191,45,0.058900145697407424,113,13319,57,45,49,63
0,14269,60,0.1719935970613733,113,13379,60,53,40,78
0,14344,47,0.05683922313619405,113,13426,47,49,42,75
3,14416,72,0.4481693949783221,113,13498,59,52,53,72
3,14495,79,0.01089280832093209,113,13577,53,59,50,79
3,14572,77,0.5556836343603209,113,13654,64,43,49,77
3,14654,82,0.5575762268854305,113,13736,65,49,41,82
3,14736,82,0.39341733616311103,113,13818,63,47,37,82
3,14823,87,0.2279822095297277,113,13905,58,42,44,87
