choice,max_possible,points,reaction_time,subject,total_points,0,1,2,3,4,5,6,7
0,72,56,0.5675518607022241,113,56,56,59,38,69,72,35,37,47
1,145,65,0.59751332399901,113,121,54,65,45,65,73,31,36,46
1,217,59,0.5295099164359272,113,180,50,59,37,62,72,38,39,37
2,293,39,0.6956727664219216,113,219,54,57,39,58,76,43,38,45
3,372,63,0.1351459639845416,113,282,62,59,39,63,79,47,46,38
3,457,69,0.26780473976396024,113,351,57,53,44,69,85,51,43,42
3,528,65,0.3146286467090249,113,416,66,62,36,65,71,49,53,50
3,603,58,0.2894495479995385,113,474,63,56,34,58,75,57,54,40
3,678,69,0.5430531225865707,113,543,73,53,29,69,75,57,50,36
4,755,77,0.35718733980320394,113,620,69,59,29,56,77,55,51,37
4,838,83,0.46227647468913347,113,703,53,54,37,62,83,54,47,40
4,925,87,0.30088126845657825,113,790,58,53,31,60,87,57,37,37
4,1012,87,1.6585460767382756,113,877,66,57,37,64,87,51,42,48
4,1098,86,0.9035296181682497,113,963,61,62,39,64,86,47,45,38
4,1180,82,1.223201764980331,113,1045,61,67,35,64,82,50,46,31
4,1266,86,0.3914344982476905,113,1131,53,60,46,70,86,50,52,33
4,1352,86,0.10438381286803633,113,1217,61,65,45,65,86,55,49,40
4,1440,88,0.552758660283871,113,1305,59,69,51,67,88,48,43,41
4,1523,83,0.42556260945275426,113,1388,65,63,57,66,83,53,45,34
4,1611,88,0.1486846897751093,113,1476,75,69,57,54,88,49,51,40
4,1693,82,0.1927218708442524,113,1558,75,66,70,61,82,53,50,30
4,1778,85,0.4016533463727683,113,1643,82,71,61,61,85,53,43,27
4,1859,81,0.3897211162839085,113,1724,79,65,61,55,81,53,39,15
4,1952,93,0.1464048739289865,113,1817,76,71,74,66,93,51,51,22
4,2039,87,0.1886326674139127,113,1904,81,66,65,62,87,48,48,26
4,2125,86,0.12062669976148754,113,1990,74,77,55,56,86,50,47,28
4,2201,76,0.4568329507019371,113,2066,72,64,54,59,76,51,47,20
4,2285,84,0.5541545832529664,113,2150,71,68,62,62,84,53,45,20
4,2371,86,0.2960624216357246,113,2236,72,59,61,68,86,54,51,27
4,2456,85,0.28936378296930343,113,2321,63,74,66,61,85,41,52,28
4,2537,81,0.2727867963258177,113,2402,73,64,76,61,81,47,49,37
4,2615,76,0.29314704809803516,113,2478,78,62,70,57,76,47,44,45
4,2698,83,0.2676978533854708,113,2561,66,67,60,60,83,42,50,37
4,2781,83,0.0196581301279366,113,2644,69,67,62,60,83,35,46,44
4,2863,82,1.233554381178692,113,2726,76,68,63,57,82,26,53,36
4,2943,80,0.39974539284594357,113,2806,69,65,64,59,80,47,47,36
4,3025,82,1.0206085867248476,113,2888,74,61,56,61,82,45,57,39
4,3112,87,0.38636411633342505,113,2975,71,65,58,68,87,45,58,33
4,3187,75,0.23550073709338903,113,3050,74,68,59,75,75,42,47,35
4,3269,82,0.15348305529914796,113,3132,79,60,72,71,82,47,57,43
4,3349,80,0.08595711621455848,113,3212,70,63,70,74,80,41,52,38
4,3427,72,1.1786173512227833,113,3284,74,59,78,74,72,48,51,40
4,3507,77,0.3710953675908968,113,3361,72,56,69,80,77,42,46,35
4,3581,71,0.0828362904721871,113,3432,67,57,64,74,71,45,49,40
4,3660,67,0.9074908138718456,113,3499,65,51,59,79,67,35,50,38
4,3742,69,0.44899248401634395,113,3568,76,49,61,82,69,37,59,35
4,3821,79,0.4476164021762088,113,3647,73,48,51,79,79,38,55,35
4,3897,64,0.18029489123728126,113,3711,70,58,58,76,64,41,55,34
4,3979,67,0.18257086665835232,113,3778,73,58,53,82,67,35,58,38
4,4063,61,0.2840117843588814,113,3839,74,69,62,84,61,40,58,36
5,4149,47,0.013163023395463824,113,3886,79,55,53,86,62,47,50,45
6,4233,48,0.27850425662472844,113,3934,72,63,46,84,64,45,48,30
4,4316,66,0.2803046837216243,113,4000,76,64,53,83,66,52,44,46
4,4392,61,0.4350870164344087,113,4061,75,58,47,76,61,51,43,43
7,4474,37,0.044859630055725574,113,4098,68,64,37,82,59,40,45,37
4,4565,59,0.24759489693678916,113,4157,79,62,46,91,59,38,44,40
4,4643,54,0.40087121981196105,113,4211,64,63,40,78,54,39,47,40
4,4724,67,0.4285349464043975,113,4278,69,62,45,81,67,34,43,43
0,4805,65,0.3452423088019714,113,4343,65,57,37,81,54,37,46,45
0,4880,75,0.29762219451367855,113,4418,75,59,28,74,55,43,33,46
0,4953,67,0.48151793994475156,113,4485,67,55,37,73,62,29,37,45
0,5029,67,0.39908423356246203,113,4552,67,59,30,76,50,32,37,49
0,5101,65,0.5131255812011659,113,4617,65,58,31,72,57,33,40,38
0,5171,70,0.4146826018113643,113,4687,70,49,29,67,53,44,47,46
0,5247,76,0.5028363288147375,113,4763,76,45,28,64,52,51,46,60
0,5321,74,0.3792187311919406,113,4837,74,45,27,64,56,52,46,47
0,5393,72,0.25568497844506055,113,4909,72,50,40,54,50,47,46,45
0,5463,70,0.38434223597869277,113,4979,70,59,36,57,53,51,42,43
0,5529,66,0.8815692710923031,113,5045,66,57,31,58,57,41,41,41
0,5601,70,1.2281607801560313,113,5115,70,51,40,72,61,48,46,47
0,5676,60,0.8277196658309549,113,5175,60,63,35,75,56,43,38,36
0,5750,62,0.741858555469662,113,5237,62,66,37,74,57,57,39,47
0,5819,62,0.5365893777925521,113,5299,62,58,40,69,51,45,39,52
0,5887,68,0.38227683305740356,113,5367,68,62,38,66,56,41,43,45
0,5951,59,0.6632785183610395,113,5426,59,64,38,60,52,41,34,49
0,6016,62,0.41176722839009017,113,5488,62,65,50,59,54,39,45,52
0,6087,68,0.3020826199790463,113,5556,68,60,32,71,59,32,43,52
0,6157,70,0.24117403465788811,113,5626,70,59,48,61,61,39,55,54
0,6225,62,0.0714013697579503,113,5688,62,53,27,68,60,37,52,56
0,6296,56,0.011998154106549919,113,5744,56,60,33,71,66,35,39,58
0,6363,64,0.5034462851472199,113,5808,64,50,36,67,60,44,49,57
0,6427,64,0.36096932482905686,113,5872,64,52,38,64,61,29,55,57
0,6495,68,0.2092540548183024,113,5940,68,47,30,68,65,40,53,65
0,6572,54,0.03649561223573983,113,5994,54,54,29,62,77,32,57,63
0,6644,56,0.07172586920205504,113,6050,56,47,34,72,68,40,44,53
0,6718,56,0.018511181813664734,113,6106,56,50,23,74,66,27,55,54
0,6788,55,0.4938540341099724,113,6161,55,50,24,67,70,27,56,70
0,6865,47,0.11245341319590807,113,6208,47,51,25,77,70,27,53,58
0,6936,55,0.8806360954185948,113,6263,55,52,20,71,63,25,47,65
1,7008,50,0.4199648363282904,113,6313,54,50,19,72,52,24,38,58
2,7073,25,0.47918820136692375,113,6338,52,45,25,65,54,30,49,65
3,7145,72,0.37070238415617496,113,6410,63,45,25,72,56,23,39,66
3,7211,66,0.41063436097465456,113,6476,62,38,25,66,57,21,41,52
3,7279,65,0.32973418571054935,113,6541,64,42,17,65,55,27,43,68
3,7346,63,0.29230667813681066,113,6604,64,47,22,63,67,29,49,57
3,7409,62,0.2537437428254634,113,6666,59,54,29,62,63,23,50,57
3,7475,66,0.16670496226288378,113,6732,61,43,28,66,57,29,53,59
3,7544,69,0.5970192146487534,113,6801,53,56,23,69,61,31,56,64
3,7613,63,0.4403423691401258,113,6864,50,53,30,63,69,27,62,54
3,7684,71,0.3725917766569182,113,6935,54,52,28,71,67,33,66,52
3,7748,59,0.3037204775027931,113,6994,49,54,34,59,64,28,60,48
3,7820,61,0.09046746464446187,113,7055,58,49,30,61,72,26,57,50
3,7890,61,0.42696813319344074,113,7116,64,60,41,61,70,42,58,50
3,7966,53,0.2829173192149028,113,7169,65,65,40,53,76,31,59,48
3,8044,43,0.3256526627810672,113,7212,58,64,33,43,78,25,67,53
3,8127,46,0.11753467575181276,113,7258,55,62,21,46,83,33,64,42
3,8211,44,0.011228188290260732,113,7302,51,67,20,44,84,30,63,51
3,8301,38,0.07158442074432969,113,7340,57,63,26,38,90,36,60,46
3,8386,41,0.027433312847279012,113,7381,55,67,25,41,85,36,62,46
3,8471,39,0.4823051868006587,113,7420,59,69,34,39,85,33,48,50
3,8552,39,0.05165107431821525,113,7459,72,81,45,39,81,35,59,52
0,8633,59,0.3575688024284318,113,7518,59,73,52,40,81,34,60,36
1,8712,74,0.44567004626151174,113,7592,62,74,52,37,79,33,59,44
1,8792,78,0.10489008307922632,113,7670,64,78,50,37,80,39,63,46
1,8871,76,0.20603018288966268,113,7746,64,76,42,33,79,32,69,50
1,8959,88,0.10660218505654484,113,7834,56,88,46,35,77,34,65,53
1,9046,82,0.4895593785913661,113,7916,68,82,42,38,87,41,68,53
1,9134,80,0.7005536969518289,113,7996,69,80,45,33,88,35,69,45
1,9218,84,0.248832730576396,113,8080,66,84,48,42,83,36,63,51
1,9300,82,0.2579974359832704,113,8162,68,82,39,36,72,29,61,45
1,9375,75,0.08177574735600501,113,8237,70,75,40,34,72,35,68,46
1,9449,68,0.5435504321940243,113,8305,60,68,45,27,74,37,67,53
1,9522,73,0.2142809140495956,113,8378,62,73,31,35,62,26,66,47
1,9600,71,0.32115959539078176,113,8449,58,71,44,38,78,30,64,42
2,9682,37,0.5326217816909775,113,8486,68,82,37,36,67,33,66,40
1,9759,77,0.09341804031282663,113,8563,70,77,38,40,56,16,70,39
1,9840,81,0.2078357303980738,113,8644,66,81,39,38,61,25,62,37
1,9913,73,0.21229743596632034,113,8717,71,73,41,38,65,28,59,35
1,9991,78,0.08619969058781862,113,8795,73,78,59,35,61,24,65,24
1,10073,82,0.13751602498814464,113,8877,60,82,53,38,62,23,64,30
1,10149,70,0.19975524942856282,113,8947,61,70,48,41,76,23,62,15
1,10225,69,0.40953861572779715,113,9016,69,69,50,47,76,30,69,21
4,10304,79,0.1541051723761484,113,9095,72,71,53,47,79,24,65,18
4,10384,80,0.13407197990454733,113,9175,76,64,53,47,80,20,65,21
4,10467,83,0.6201930738752708,113,9258,77,62,60,55,83,29,73,22
4,10546,73,0.3000242575071752,113,9331,79,68,48,52,73,30,62,20
4,10626,80,0.2183227544883266,113,9411,73,63,51,56,80,27,57,26
4,10701,75,0.03759135748259723,113,9486,69,64,61,55,75,26,62,25
4,10786,85,0.3671975355828181,113,9571,67,61,62,70,85,24,64,30
4,10865,79,0.25587826990522444,113,9650,69,58,64,70,79,27,64,26
4,10947,82,0.24067672505043447,113,9732,73,63,69,68,82,33,70,22
4,11035,88,0.28043717169202864,113,9820,69,52,63,64,88,44,66,13
4,11121,86,0.13984128332231194,113,9906,69,55,62,62,86,48,58,17
4,11207,86,0.13071049994323403,113,9992,64,57,55,61,86,34,61,26
4,11298,91,0.11926469870377332,113,10083,71,57,55,70,91,36,63,29
4,11389,91,0.1256375580560416,113,10174,67,56,53,56,91,46,59,21
4,11482,93,0.14669673144817352,113,10267,69,55,52,65,93,36,49,21
4,11582,100,0.35138155426830053,113,10367,60,53,55,55,100,35,48,33
4,11671,89,0.09643069957382977,113,10456,60,57,68,61,89,36,58,27
4,11770,99,0.008865807787515223,113,10555,64,60,65,65,99,43,58,31
4,11866,96,0.24793283687904477,113,10651,49,68,65,70,96,40,64,28
4,11966,100,0.3120102508692071,113,10751,60,71,62,63,100,36,60,25
4,12066,100,0.10871111042797565,113,10851,53,67,59,74,100,42,61,31
4,12158,92,0.10529138694982976,113,10943,46,71,56,63,92,46,65,44
4,12257,99,0.20685711211990565,113,11042,52,77,58,79,99,42,67,46
4,12357,100,0.025188699131831527,113,11142,58,78,51,74,100,49,67,44
4,12457,100,0.13913788157515228,113,11242,65,68,53,84,100,38,70,43
4,12557,100,0.37159459735266864,113,11342,55,73,55,85,100,44,74,29
4,12645,88,0.37861837539821863,113,11430,53,75,47,76,88,31,76,38
4,12742,97,0.21067877963650972,113,11527,60,66,46,65,97,36,76,36
4,12839,97,0.03820707416161895,113,11624,62,75,44,74,97,26,73,30
4,12939,100,0.008679556543938816,113,11724,64,78,47,77,100,36,78,40
4,13030,91,0.4103655449580401,113,11815,51,72,44,74,91,43,83,38
4,13127,97,0.16344716830644757,113,11912,56,72,51,73,97,40,78,32
4,13219,92,0.3147572943707928,113,12004,69,73,47,74,92,42,82,31
4,13308,89,0.06185008131433278,113,12093,65,81,53,70,89,43,85,23
4,13393,85,0.010375657584518194,113,12178,65,74,54,66,85,48,75,22
4,13473,80,0.04726873349864036,113,12258,64,77,51,65,80,60,72,21
4,13559,79,0.40985671477392316,113,12337,56,74,46,73,79,53,86,31
4,13646,83,0.07731980201788247,113,12420,67,72,47,71,83,49,87,25
4,13731,85,0.43546015850733966,113,12505,67,66,41,68,85,57,81,23
4,13822,91,0.11179673403967172,113,12596,59,73,46,71,91,51,73,25
4,13921,99,0.182830082019791,113,12695,57,70,38,75,99,47,72,25
4,14018,97,0.33935907867271453,113,12792,63,79,37,66,97,47,71,24
4,14107,89,0.19948515330906957,113,12881,66,72,39,67,89,47,72,26
4,14204,97,0.2153580980375409,113,12978,61,68,39,66,97,45,71,19
4,14298,94,0.019901344436220825,113,13072,61,81,37,55,94,39,75,13
4,14378,80,0.05884830269496888,113,13152,60,75,41,69,80,43,73,19
4,14463,79,0.44396818499080837,113,13231,64,85,46,74,79,42,82,25
4,14554,91,0.13851832458749413,113,13322,65,81,45,64,91,51,83,28
4,14645,91,0.1864366966765374,113,13413,60,84,38,62,91,41,82,24
4,14734,89,0.32594900054391474,113,13502,73,83,36,55,89,46,72,27
4,14824,90,0.10239841474685818,113,13592,70,84,39,50,90,33,79,24
4,14908,84,0.25265951827168465,113,13676,70,84,45,54,84,39,79,19
4,15001,82,0.4291173811070621,113,13758,76,93,53,61,82,40,72,18
4,15094,88,0.5976093297358602,113,13846,69,93,51,59,88,39,84,18
4,15191,82,0.42387866927310824,113,13928,67,97,49,58,82,42,77,22
4,15285,85,0.06684045831207186,113,14013,77,94,43,51,85,33,82,13
4,15374,79,0.2500948857050389,113,14092,77,89,39,57,79,38,80,28
4,15461,79,0.10143771767616272,113,14171,77,87,41,54,79,33,83,26
4,15558,72,0.08271852345205843,113,14243,94,97,37,57,72,32,77,30
4,15649,80,0.07855251547880471,113,14323,83,91,52,55,80,30,83,27
4,15733,80,0.3591208948055282,113,14403,82,74,49,45,80,29,84,39
4,15824,75,0.13362395332660526,113,14478,91,88,45,60,75,32,83,35
4,15910,78,0.14731692825444043,113,14556,86,81,47,44,78,34,80,35
4,15997,73,0.29697063576895744,113,14629,79,87,47,45,73,29,84,33
4,16088,74,0.2465529148466885,113,14703,91,79,38,54,74,28,85,29
4,16172,70,0.5061779677635059,113,14773,84,82,43,52,70,33,83,26
4,16255,80,0.20945886697154492,113,14853,83,81,41,48,80,25,80,35
4,16345,73,0.16074620769359171,113,14926,77,90,49,49,73,30,81,24
