choice,max_possible,points,reaction_time,subject,total_points,0,1,2,3,4,5,6,7
7,86,86,0.7080077310092747,111,86,58,61,82,55,52,44,63,86
7,173,87,0.3954764511436224,111,173,65,64,80,58,50,38,62,87
7,262,89,0.3404488987289369,111,262,54,68,81,62,54,43,55,89
7,356,94,0.29847102984786034,111,356,58,76,83,60,49,46,61,94
7,444,88,0.1080838916823268,111,444,48,68,76,51,52,46,67,88
7,530,86,0.14751902408897877,111,530,60,71,76,57,53,38,63,86
7,617,87,0.1825534882955253,111,617,58,69,78,64,57,34,64,87
7,701,84,0.02464335784316063,111,701,48,71,81,52,56,38,74,84
7,786,85,0.22445775661617517,111,786,51,62,84,55,63,42,70,85
7,871,80,0.2377141611650586,111,866,54,67,85,50,57,50,69,80
7,966,74,0.2755236830562353,111,940,56,61,95,50,59,39,69,74
7,1047,77,0.4640848897397518,111,1017,58,51,81,51,55,36,74,77
7,1137,90,0.32879250403493643,111,1107,54,68,82,59,62,32,72,90
7,1224,80,0.9275195361115038,111,1187,65,65,87,48,62,38,58,80
7,1311,87,0.298412149772048,111,1274,57,56,75,58,62,32,55,87
7,1392,76,0.5006681643426418,111,1350,66,63,81,59,58,34,61,76
7,1473,77,0.305073952767998,111,1427,62,59,81,55,66,30,60,77
7,1567,77,0.7772228941321373,111,1504,65,63,94,54,65,25,53,77
7,1654,77,0.43526230566203594,111,1581,68,63,87,54,62,29,61,77
7,1741,84,0.30294145876541734,111,1665,58,64,87,56,62,34,57,84
7,1822,75,0.16531177796423435,111,1740,64,57,81,43,61,31,58,75
7,1905,83,0.12554000364616513,111,1823,72,66,79,42,68,30,53,83
7,1991,74,0.09747710358351469,111,1897,72,64,86,42,73,23,56,74
7,2075,80,0.037694321013987064,111,1977,66,65,84,42,70,13,54,80
7,2160,85,0.8710641348734498,111,2062,61,58,75,55,71,19,55,85
7,2236,71,0.13051667530089617,111,2133,62,59,76,46,66,23,52,71
7,2309,68,0.11325960466638207,111,2201,64,66,73,45,72,14,43,68
6,2388,50,0.08481270261108875,111,2251,57,59,72,42,79,27,50,79
5,2474,15,0.08996089594438672,111,2266,54,55,84,40,71,15,53,86
7,2550,76,0.12679313123226166,111,2342,56,58,74,47,71,17,45,76
4,2636,74,0.1848402228206396,111,2416,58,62,86,45,74,26,51,73
7,2717,70,0.11007750453427434,111,2486,60,57,81,49,59,26,54,70
3,2798,49,0.1605296670459211,111,2535,57,48,81,49,67,27,42,67
7,2874,74,0.07702449290081859,111,2609,66,51,76,52,63,30,47,74
7,2958,84,0.35931493947282434,111,2693,70,50,81,46,68,32,46,84
7,3033,75,0.09139578510075808,111,2768,69,48,73,37,70,36,38,75
7,3110,77,0.003047699574381113,111,2845,69,56,68,38,71,33,46,77
7,3190,76,0.0951583688147366,111,2921,80,51,73,34,70,39,44,76
0,3267,77,0.012298958841711283,111,2998,77,49,74,38,68,40,41,70
0,3346,64,0.10207425337284803,111,3062,64,50,77,34,79,34,52,65
7,3426,73,0.3677719538100064,111,3135,62,42,80,30,63,39,47,73
7,3502,64,0.0929772350937128,111,3199,71,49,76,47,65,40,47,64
7,3583,68,0.04526748973876238,111,3267,65,41,81,39,71,36,55,68
0,3658,67,0.12355471076443791,111,3334,67,44,75,38,63,44,55,75
7,3729,70,0.08350453479215503,111,3404,64,55,71,36,69,45,57,70
1,3814,48,0.05635172035545111,111,3452,59,48,85,36,72,45,56,73
2,3888,74,0.04759518476203084,111,3526,51,44,74,40,67,49,54,70
2,3970,79,0.0853983061388135,111,3605,61,48,79,32,82,47,60,75
2,4050,76,0.17067629238590598,111,3681,52,50,76,40,80,47,56,67
2,4134,84,0.06776171363890171,111,3765,53,46,84,40,80,52,61,74
7,4217,66,0.030741957016289234,111,3831,50,48,83,45,77,53,51,66
2,4304,87,0.352152653504163,111,3918,60,43,87,48,83,52,55,73
2,4395,91,0.01667914679273963,111,4009,51,43,91,45,84,42,66,62
2,4488,93,0.33613399136811495,111,4102,49,40,93,52,87,41,60,73
2,4576,87,0.25980710284784436,111,4189,51,41,87,46,88,42,47,56
2,4658,82,0.0780043387785554,111,4271,46,50,82,54,82,29,50,56
2,4756,98,0.3496028771623969,111,4369,48,37,98,45,90,44,50,59
2,4855,92,0.1491887946613133,111,4461,48,36,92,51,99,41,56,63
2,4955,100,0.05886437650769949,111,4561,49,42,100,49,87,43,50,56
2,5055,100,0.20007680030539632,111,4661,42,47,100,43,89,40,41,57
2,5155,100,0.052971858996897936,111,4761,51,45,100,47,84,41,34,49
2,5249,94,0.4863640726543963,111,4855,47,44,94,44,88,32,42,48
2,5349,100,0.04901087377220392,111,4955,49,43,100,47,95,30,42,49
2,5441,92,0.45381730422377586,111,5047,47,46,92,44,87,28,44,48
2,5538,97,0.9319342840462923,111,5144,51,47,97,46,94,20,45,44
2,5636,98,0.2275572963990271,111,5242,50,38,98,53,90,23,45,44
2,5736,100,0.13352149445563555,111,5342,46,47,100,52,88,30,45,44
2,5833,97,0.1471740622073412,111,5439,55,38,97,53,92,36,51,37
2,5925,92,0.0989196733571589,111,5531,47,38,92,41,73,27,42,41
2,6019,94,0.06843499792739749,111,5625,53,46,94,42,76,38,41,40
2,6119,100,0.06275688158348203,111,5725,41,52,100,44,80,31,39,36
2,6218,99,0.13052179524675012,111,5824,41,39,99,43,90,29,45,44
2,6309,91,0.7016396904364228,111,5915,47,45,91,42,85,35,51,45
2,6405,96,0.21409993013367057,111,6011,37,45,96,43,82,47,45,52
2,6496,91,0.14898847369477153,111,6102,44,42,91,44,78,37,33,54
2,6585,78,0.14751326432451606,111,6180,40,52,78,40,89,42,47,48
2,6674,84,0.13705751718953252,111,6264,49,36,84,43,89,35,34,63
2,6758,78,0.1431785160675645,111,6342,45,36,78,33,84,37,36,57
2,6837,77,0.11203655740246177,111,6419,42,46,77,28,79,39,32,65
3,6914,39,0.16085670934990048,111,6458,50,50,77,39,74,43,37,53
2,6991,77,0.14595933398231864,111,6535,61,45,77,40,66,41,45,59
1,7073,49,0.12623312789946795,111,6584,46,49,82,44,75,37,36,57
2,7156,83,0.12566864397376776,111,6667,50,57,83,32,73,42,46,63
0,7227,47,0.09842238994315267,111,6714,47,52,71,41,69,39,43,61
2,7309,82,0.05293281888589263,111,6796,50,44,82,34,71,48,57,56
2,7388,79,0.2136346474289894,111,6875,44,46,79,37,66,31,49,60
4,7465,66,0.22160077840089798,111,6941,41,48,77,36,66,37,55,68
2,7553,88,0.09564413223415613,111,7029,48,50,88,32,67,36,55,71
2,7633,80,0.22736273519694805,111,7109,43,46,80,23,79,40,55,63
2,7710,77,0.16967724589630961,111,7186,36,45,77,27,65,42,50,63
2,7783,73,0.10970502207055688,111,7259,35,45,73,16,71,42,46,69
2,7853,70,0.23238932760432363,111,7329,32,43,70,27,70,38,49,62
2,7920,67,0.0856370278634131,111,7396,22,47,67,32,64,28,47,65
5,7997,31,0.2228916664607823,111,7427,37,44,77,30,63,31,50,55
2,8072,75,0.06035238644108176,111,7502,32,45,75,31,64,33,42,67
2,8150,78,0.24729758268222213,111,7580,40,45,78,37,75,36,48,66
6,8229,39,0.18688311614096165,111,7619,29,55,79,38,71,37,39,60
2,8300,71,0.15798821114003658,111,7690,37,46,71,31,66,36,36,55
2,8369,69,0.14382684044539928,111,7759,35,36,69,34,67,34,40,54
7,8440,57,0.17802033945918083,111,7816,41,49,70,31,71,31,40,57
4,8514,70,0.15660388208925724,111,7886,43,43,74,34,70,36,36,62
4,8579,59,0.18052339553833008,111,7945,39,28,65,36,59,36,39,48
2,8643,63,0.0743454359471798,111,8008,43,45,63,41,64,35,45,50
2,8707,64,0.16597482189536095,111,8072,44,55,64,29,64,41,37,44
1,8774,45,0.1318606836721301,111,8117,52,45,67,30,67,35,50,50
2,8842,68,0.12815762031823397,111,8185,53,36,68,41,62,48,40,45
3,8907,33,0.23623319203034043,111,8218,45,46,65,33,64,33,45,43
2,8979,66,0.08780984207987785,111,8284,47,43,66,28,72,34,37,46
0,9040,39,0.24345371825620532,111,8323,39,52,59,32,61,43,42,34
2,9106,59,0.08207860542461276,111,8382,50,48,59,30,66,38,45,33
4,9171,65,0.16293096309527755,111,8447,41,54,47,30,65,40,38,38
4,9232,61,0.12745745573192835,111,8508,42,51,57,29,61,36,44,40
4,9294,60,0.20962758176028728,111,8568,42,39,62,37,60,37,36,35
4,9355,61,0.17643376952037215,111,8629,36,45,61,28,61,43,45,45
4,9424,69,0.04767966503277421,111,8698,44,59,56,35,69,45,43,40
4,9488,61,0.030611395835876465,111,8759,44,57,64,30,61,43,44,48
2,9561,67,0.058641654904931784,111,8826,33,50,67,29,73,41,40,40
2,9627,63,0.003933465573936701,111,8889,40,57,63,35,66,42,37,43
4,9694,67,0.09444028465077281,111,8956,37,59,60,26,67,42,39,35
2,9755,53,0.0650468161329627,111,9009,33,56,53,31,61,41,39,47
4,9821,66,0.12236622348427773,111,9075,49,66,52,32,66,36,35,40
4,9884,63,0.1498876791447401,111,9138,41,60,63,40,63,44,46,39
4,9949,65,0.06694378843531013,111,9203,44,65,50,35,65,32,47,42
4,10016,66,0.005205153021961451,111,9269,47,67,51,31,66,38,57,42
5,10086,44,0.44812254793941975,111,9313,40,70,38,20,69,44,52,35
4,10162,76,0.07012972887605429,111,9389,38,67,45,24,76,39,55,40
6,10231,47,0.17132845660671592,111,9436,44,62,46,27,69,43,47,40
4,10299,68,0.31732555059716105,111,9504,42,67,40,35,68,43,47,44
4,10368,69,0.09927295567467809,111,9573,44,65,44,28,69,27,54,34
4,10441,73,0.11154247401282191,111,9646,48,66,37,40,73,34,57,30
7,10517,28,0.0787870641797781,111,9674,43,72,25,27,76,39,58,28
4,10582,65,0.054477788507938385,111,9739,45,57,33,36,65,50,39,33
4,10650,68,0.1310139587149024,111,9807,42,68,26,35,68,45,59,32
4,10718,63,0.07377775199711323,111,9870,44,66,30,30,63,53,68,32
4,10786,68,0.04242139123380184,111,9938,36,66,30,38,68,48,62,33
4,10851,60,0.08307893155142665,111,9998,44,65,34,34,60,49,61,36
4,10921,52,0.11838475754484534,111,10050,47,70,22,38,52,38,68,39
3,10985,44,0.018599799368530512,111,10094,34,64,29,44,63,37,60,36
4,11050,61,0.03284629015251994,111,10155,26,62,29,38,61,39,65,34
4,11114,59,0.04958687722682953,111,10214,42,64,28,39,59,42,58,37
4,11172,58,0.37598896631971,111,10272,33,58,23,41,58,53,56,44
2,11233,27,0.035751909017562866,111,10299,32,55,27,38,61,41,51,34
1,11295,61,0.005944357719272375,111,10360,41,61,26,35,62,47,53,37
1,11355,58,0.08827192522585392,111,10418,34,58,22,47,60,44,55,27
4,11419,59,0.03517590509727597,111,10477,31,64,21,46,59,44,49,34
0,11484,24,0.06935276370495558,111,10501,24,57,24,41,65,46,49,30
1,11548,50,0.023748632054775953,111,10551,21,50,23,47,64,51,45,34
4,11618,70,0.048767671920359135,111,10621,33,51,31,41,70,50,46,25
4,11681,63,0.1808849978260696,111,10684,32,55,41,51,63,47,51,28
4,11759,78,0.12187214009463787,111,10762,34,53,26,41,78,46,46,22
4,11838,79,0.021093894727528095,111,10841,35,48,35,46,79,49,43,32
4,11911,73,0.04926495533436537,111,10914,33,54,34,43,73,54,50,29
4,11988,77,0.3937574001029134,111,10991,36,47,36,48,77,43,53,31
4,12063,75,0.17185581987723708,111,11066,26,39,30,46,75,50,48,31
4,12130,67,0.04655197774991393,111,11133,28,49,35,41,67,51,49,38
4,12199,69,0.09419964300468564,111,11202,29,46,37,41,69,58,49,43
4,12270,71,0.01967756636440754,111,11273,26,44,33,42,71,57,42,41
4,12332,62,0.12494351947680116,111,11335,29,43,40,53,62,56,50,43
4,12398,66,0.06254696054384112,111,11401,32,51,35,56,66,41,49,33
4,12458,60,0.1450191680341959,111,11461,32,50,41,53,60,51,55,44
4,12522,64,0.5178234740160406,111,11525,22,52,36,54,64,46,43,39
1,12582,50,0.13772568153217435,111,11575,22,50,39,53,60,51,41,28
5,12645,47,0.07050093123689294,111,11622,27,47,43,58,63,47,51,42
4,12712,67,0.07216046191751957,111,11689,16,47,43,51,67,43,50,41
4,12776,64,0.17311406787484884,111,11753,13,46,46,63,64,58,45,36
3,12839,55,0.13696727668866515,111,11808,11,47,48,55,63,56,55,30
6,12900,47,0.11222215835005045,111,11855,28,38,51,47,61,56,47,40
4,12970,70,0.10098112653940916,111,11925,25,41,50,53,70,52,45,30
2,13035,47,0.10497475182637572,111,11972,27,44,47,53,65,58,51,36
4,13103,68,0.3369896770454943,111,12040,35,37,55,54,68,62,57,29
4,13166,63,0.1287809838540852,111,12103,35,48,49,56,63,62,54,29
4,13232,61,0.0653968988917768,111,12164,31,46,43,66,61,59,50,33
4,13300,68,0.030691396445035934,111,12232,51,43,42,63,68,58,53,27
4,13364,64,0.028702263720333576,111,12296,37,35,57,61,64,64,53,28
4,13430,50,0.05430562747642398,111,12346,36,48,47,47,50,66,49,29
0,13491,56,0.03301077149808407,111,12402,56,51,46,45,61,59,48,35
1,13550,48,0.1384917665272951,111,12450,52,48,51,59,54,53,54,36
0,13609,50,0.10582531709223986,111,12500,50,55,43,55,59,56,53,39
4,13666,57,0.043678359128534794,111,12557,51,41,46,53,57,57,46,40
4,13725,59,0.01903436193242669,111,12616,51,44,47,47,59,49,54,34
0,13787,58,0.011730635073035955,111,12674,58,52,46,51,62,54,51,37
2,13853,46,0.12798609910532832,111,12720,66,57,46,48,60,57,44,32
0,13917,64,0.5452514896169305,111,12784,64,52,42,57,59,55,44,36
0,13979,62,0.06559913977980614,111,12846,62,58,41,56,55,55,41,36
0,14036,57,0.1893240916542709,111,12903,57,54,48,57,56,55,46,31
3,14102,54,0.08127860026434064,111,12957,66,57,55,54,58,61,44,38
3,14177,56,0.07792177889496088,111,13013,75,54,46,56,62,53,52,36
3,14241,55,0.12875858368352056,111,13068,64,58,49,55,52,51,52,42
4,14306,57,0.07411183416843414,111,13125,65,58,49,53,57,58,54,34
4,14375,46,0.09662845823913813,111,13171,69,65,49,57,46,50,55,32
0,14440,65,0.09603069489821792,111,13236,65,57,48,57,47,46,49,27
0,14504,53,0.1408770615234971,111,13289,53,64,41,59,48,51,55,28
0,14569,61,0.09763518488034606,111,13350,61,65,35,58,37,40,45,38
7,14631,31,0.09498492814600468,111,13381,62,56,31,50,36,36,42,31
0,14691,60,0.08199860481545329,111,13441,60,60,41,51,58,37,42,31
0,14760,69,0.03893912909552455,111,13510,69,56,27,59,55,40,37,27
6,14821,45,0.2156941806897521,111,13555,61,48,38,58,48,51,45,33
5,14882,54,0.02754193637520075,111,13609,61,47,41,58,53,54,46,27
5,14954,47,0.11818251619115472,111,13656,72,41,29,56,53,47,46,37
0,15016,62,0.03424021927639842,111,13718,62,47,41,51,56,55,35,25
