choice,max_possible,points,reaction_time,subject,total_points,0,1,2,3
0,61,55,0.649193839984946,116,55,55,45,61,35
1,131,59,0.36914837174117565,116,114,59,59,70,33
2,190,58,0.291838810313493,116,172,59,49,58,37
3,253,32,0.21226799418218434,116,204,63,55,58,32
1,312,55,0.20217267330735922,116,259,59,55,51,36
1,371,47,0.26313118159305304,116,306,59,47,52,29
2,432,61,0.15516059508081526,116,367,54,49,61,36
2,491,58,0.22979863756336272,116,425,59,59,58,43
2,549,55,0.2536682183854282,116,480,56,58,55,34
2,609,57,0.2298517607850954,116,537,60,55,57,36
0,665,53,0.22487162437755615,116,590,53,56,52,38
2,714,49,0.1511744378367439,116,639,43,47,49,36
0,771,54,0.2410364265087992,116,693,54,57,56,31
0,830,57,0.23429426515940577,116,750,57,58,59,41
0,894,47,0.19546443410217762,116,797,47,53,64,34
0,969,53,0.10981069598346949,116,850,53,64,75,50
0,1039,58,0.20804246270563453,116,908,58,56,70,41
0,1103,44,0.2286248077871278,116,952,44,57,64,44
0,1168,46,0.23049371899105608,116,998,46,54,65,38
1,1237,47,0.07829842041246593,116,1045,43,47,69,39
2,1298,56,0.09967761277221143,116,1101,53,61,56,35
2,1365,67,0.0815856559202075,116,1168,51,53,67,44
2,1428,63,0.08774282247759402,116,1231,52,42,63,37
2,1494,66,0.17935851542279124,116,1297,39,53,66,36
2,1562,68,0.4968762940261513,116,1365,43,53,68,30
2,1622,60,0.043142407783307135,116,1425,37,52,60,19
2,1688,66,0.10703869094140828,116,1491,50,38,66,42
2,1748,60,0.445339786587283,116,1551,43,43,60,36
2,1810,62,0.043971257167868316,116,1613,48,41,62,28
2,1876,66,0.009378478163853288,116,1679,43,40,66,34
2,1940,64,0.21723981003742665,116,1743,42,40,64,34
2,2002,62,0.24757825583219528,116,1805,48,50,62,33
2,2055,45,0.21444924408569932,116,1850,53,49,45,35
2,2121,66,0.24549621192272753,116,1916,48,46,66,39
2,2176,55,0.056723376153968275,116,1971,44,47,55,43
2,2239,63,0.1474999792408198,116,2034,48,44,63,37
2,2301,62,0.03261698130518198,116,2096,54,47,62,42
2,2357,56,0.01756200531963259,116,2152,40,41,56,38
2,2410,53,0.5569406690774485,116,2205,45,39,53,31
2,2462,52,0.1223228006856516,116,2257,49,44,52,42
2,2511,48,0.037997141596861184,116,2305,49,46,48,38
1,2562,50,0.057264848495833576,116,2355,51,50,50,44
0,2618,56,0.05923936597537249,116,2411,56,45,48,44
3,2669,36,0.05582092248369008,116,2447,51,44,40,36
0,2730,61,0.37104160443414,116,2508,61,45,49,38
0,2784,54,0.10415723943151534,116,2562,54,50,45,48
0,2842,58,0.4265482680639252,116,2620,58,51,55,42
0,2894,52,0.10692924447357655,116,2672,52,52,48,37
0,2958,64,0.21699787571560591,116,2736,64,45,40,39
0,3023,65,0.1740871616639197,116,2801,65,50,54,47
0,3088,65,0.1949165613623336,116,2866,65,49,52,46
0,3153,65,0.01983606058638543,116,2931,65,55,43,38
0,3206,53,0.11352803721092641,116,2984,53,52,41,30
0,3266,60,0.0843832625541836,116,3044,60,51,45,46
0,3322,56,0.13880762178450823,116,3100,56,45,35,39
1,3374,50,0.4035875415429473,116,3150,50,50,52,41
2,3428,54,0.21088359178975224,116,3204,51,42,54,42
0,3474,40,0.13262997416313738,116,3244,40,45,38,46
2,3524,44,0.05497991235461086,116,3288,50,48,44,47
1,3577,49,0.049151725484989583,116,3337,50,49,42,53
1,3624,41,0.405845595872961,116,3378,47,41,43,45
1,3679,43,0.10947531589772552,116,3421,55,43,40,52
2,3736,45,0.4191539080347866,116,3466,57,34,45,57
3,3788,46,0.15964278194587678,116,3512,52,43,46,46
0,3841,47,0.16964849748183042,116,3559,47,50,48,53
0,3891,47,0.1473380496026948,116,3606,47,46,39,50
0,3946,48,0.14135881373658776,116,3654,48,55,41,48
0,3995,49,0.40880065178498626,116,3703,49,44,45,39
0,4059,45,0.17800035455729812,116,3748,45,64,48,57
2,4114,40,0.6443212300073355,116,3788,53,55,40,49
0,4165,51,0.27154384227469563,116,3839,51,47,40,50
0,4224,59,0.1907799952896312,116,3898,59,49,45,43
0,4274,50,0.1610367848770693,116,3948,50,49,43,42
0,4334,60,0.027077451697550714,116,4008,60,38,50,43
0,4388,54,0.47908771538641304,116,4062,54,49,48,41
0,4441,43,1.559949488262646,116,4105,43,53,44,42
0,4494,53,0.12958915322087705,116,4158,53,53,45,37
0,4551,57,0.436334450612776,116,4215,57,46,42,39
0,4596,44,0.37759687460493296,116,4259,44,43,43,45
0,4649,50,0.1376325119053945,116,4309,50,52,41,53
0,4699,45,0.22406197618693113,116,4354,45,46,50,49
0,4750,50,0.28876214718911797,116,4404,50,45,41,51
1,4804,52,0.3090436742641032,116,4456,43,52,54,49
1,4858,54,0.1604933924973011,116,4510,49,54,52,48
1,4915,53,0.10225632635410875,116,4563,49,53,50,57
1,4972,52,0.046619094791822135,116,4615,57,52,54,57
1,5029,57,0.10347623890265822,116,4672,54,57,45,53
1,5081,52,0.09226213151123375,116,4724,52,52,45,51
1,5140,50,0.031640283297747374,116,4774,59,50,48,52
2,5194,52,0.3872179271420464,116,4826,54,50,52,53
3,5247,53,0.1201953140553087,116,4879,53,47,51,53
1,5307,47,0.2772036991082132,116,4926,52,47,60,53
2,5366,59,0.1877647757064551,116,4985,57,52,59,55
2,5428,62,0.08148388983681798,116,5047,46,53,62,48
2,5482,45,0.08856783155351877,116,5092,51,54,45,45
3,5536,51,0.3267176862573251,116,5143,52,54,50,51
3,5589,52,0.2237886799266562,116,5195,53,44,44,52
3,5646,51,0.24353321513626724,116,5246,57,46,39,51
3,5707,61,0.17367881734389812,116,5307,59,45,45,61
3,5770,58,0.3044712421251461,116,5365,63,39,43,58
3,5836,66,0.4483095633331686,116,5431,65,45,41,66
3,5892,56,0.24637562420684844,116,5487,56,54,44,56
3,5952,58,0.33974950190167874,116,5545,60,52,45,58
3,6013,61,0.7312051213812083,116,5606,61,55,40,61
3,6074,54,0.22686598310247064,116,5660,61,55,31,54
3,6141,57,0.33588943211361766,116,5717,67,53,39,57
3,6217,59,0.350802959757857,116,5776,76,52,32,59
3,6295,59,0.33097585977520794,116,5835,78,45,28,59
3,6373,57,0.36002014845144004,116,5892,78,45,25,57
2,6454,29,0.2308540603844449,116,5921,81,54,29,59
3,6533,63,0.2527651245472953,116,5984,79,47,30,63
1,6614,39,0.16015289234928787,116,6023,81,39,29,60
3,6697,47,0.18152376427315176,116,6070,83,42,27,47
0,6788,91,0.23348333686590195,116,6161,91,35,27,53
0,6875,87,0.22154086618684232,116,6248,87,40,25,53
0,6959,84,0.23170403111726046,116,6332,84,44,24,45
0,7043,84,0.08679044584278017,116,6416,84,39,32,42
0,7128,85,0.39871237135957927,116,6501,85,42,20,45
0,7212,84,0.14625894534401596,116,6585,84,38,35,46
0,7297,85,0.13739633781369776,116,6670,85,36,22,54
0,7374,77,0.05075630103237927,116,6747,77,35,28,42
0,7462,88,0.12891263293568045,116,6835,88,43,41,49
0,7544,82,0.33965669642202556,116,6917,82,41,32,49
0,7622,78,0.014466141001321375,116,6995,78,43,36,45
0,7703,81,0.07257455971557647,116,7076,81,37,37,42
0,7779,76,0.1468554608291015,116,7152,76,42,40,50
0,7854,75,0.189892262336798,116,7227,75,39,43,45
0,7935,81,0.17790242878254503,116,7308,81,43,44,45
0,8012,77,0.07097062410321087,116,7385,77,39,34,47
0,8090,78,0.15605216822586954,116,7463,78,48,35,49
0,8166,76,0.19789977895561606,116,7539,76,43,25,47
0,8244,78,0.12071502499748021,116,7617,78,45,39,42
0,8319,75,0.023359470418654382,116,7692,75,48,41,40
0,8390,71,0.09741763828787953,116,7763,71,46,33,47
0,8468,78,1.3338675517588854,116,7841,78,51,38,46
0,8543,75,0.23296298598870635,116,7916,75,63,28,48
0,8615,72,0.2122577535919845,116,7988,72,56,37,61
0,8679,64,0.13091083185281605,116,8052,64,48,44,59
0,8742,63,0.2020664269803092,116,8115,63,52,34,48
0,8814,72,0.027344987611286342,116,8187,72,57,30,46
0,8883,69,0.29632931749802083,116,8256,69,54,32,43
0,8957,74,0.21839187864679843,116,8330,74,58,31,52
0,9036,79,0.206910235225223,116,8409,79,62,29,49
0,9123,87,0.4332168251276016,116,8496,87,52,28,49
0,9202,79,0.11174169089645147,116,8575,79,52,34,51
0,9268,66,0.1503315077861771,116,8641,66,55,22,56
0,9336,68,0.11743930994998664,116,8709,68,46,27,59
0,9400,64,0.15800940478220582,116,8773,64,53,25,59
0,9468,68,0.4085913593880832,116,8841,68,55,25,63
1,9539,46,0.12289115448947996,116,8887,71,46,30,62
0,9603,64,0.06039719481486827,116,8951,64,45,34,51
2,9662,38,0.35968156822491437,116,8989,59,41,38,56
0,9724,62,0.41452835279051214,116,9051,62,44,42,50
3,9788,64,0.19355328031815588,116,9115,62,52,44,64
0,9852,64,0.047859488520771265,116,9179,64,51,38,61
0,9922,70,0.1863797332625836,116,9249,70,45,36,56
0,9981,59,0.16853419120889157,116,9308,59,48,46,51
0,10042,61,0.23794120224192739,116,9369,61,37,45,48
0,10102,60,0.11908484797459096,116,9429,60,32,40,44
0,10162,60,0.22174631827510893,116,9489,60,32,37,47
0,10229,67,0.21398393635172397,116,9556,67,36,48,50
0,10301,72,0.17311110359150916,116,9628,72,25,47,38
0,10373,72,0.12821947154588997,116,9700,72,33,52,40
0,10437,64,0.23297386663034558,116,9764,64,35,47,40
0,10502,65,0.2228196623036638,116,9829,65,39,49,39
0,10573,71,0.17176382336765528,116,9900,71,37,47,35
0,10637,64,0.1618381126318127,116,9964,64,46,42,47
0,10705,68,0.21568451751954854,116,10032,68,46,44,45
0,10765,60,0.21094695560168475,116,10092,60,39,38,52
3,10837,40,0.2914586275583133,116,10132,72,40,36,40
0,10902,65,0.09342956100590527,116,10197,65,39,41,43
0,10971,69,0.17869671597145498,116,10266,69,37,31,42
0,11039,68,0.1579415607266128,116,10334,68,42,37,36
0,11112,73,0.2144780458183959,116,10407,73,32,38,40
0,11181,69,0.21383672766387463,116,10476,69,31,41,36
0,11244,63,0.33472904306836426,116,10539,63,35,33,37
0,11313,69,0.14599652972538024,116,10608,69,33,33,44
0,11379,66,0.32937384431716055,116,10674,66,25,28,34
0,11442,63,0.28238544752821326,116,10737,63,26,39,40
0,11509,67,0.6773843178525567,116,10804,67,23,32,34
1,11580,35,0.35267635132186115,116,10839,71,35,25,38
0,11642,62,0.12366112030576915,116,10901,62,32,26,35
0,11712,70,0.12192661711014807,116,10971,70,30,26,32
0,11773,61,0.04233339964412153,116,11032,61,40,28,38
0,11831,58,0.16104638553224504,116,11090,58,36,22,49
0,11899,68,0.21722572937142104,116,11158,68,46,38,41
0,11960,61,0.08988823008257896,116,11219,61,37,28,44
0,12016,56,0.6040941956453025,116,11275,56,31,22,44
0,12080,64,0.29250124958343804,116,11339,64,37,38,50
0,12140,60,0.6861778013408184,116,11399,60,37,31,50
0,12199,59,0.577895516413264,116,11458,59,40,29,49
0,12262,63,0.6467680956702679,116,11521,63,39,31,48
0,12324,62,0.24966542003676295,116,11583,62,42,24,51
1,12386,40,0.44970228627789766,116,11623,62,40,26,49
2,12447,32,0.22435127338394523,116,11655,61,38,32,50
3,12512,51,0.1268299489747733,116,11706,65,34,35,51
0,12582,70,0.00387479062192142,116,11776,70,42,31,54
0,12647,65,0.814711531624198,116,11841,65,37,38,49
0,12711,64,0.4203450189670548,116,11905,64,36,27,51
0,12788,77,0.30338829767424613,116,11982,77,45,33,53
