choice,max_possible,points,reaction_time,subject,total_points,0,1,2,3,4,5,6,7
0,61,55,0.7152025243267417,109,55,55,45,61,35,49,47,38,21
1,131,59,0.5471071841893718,109,114,59,59,70,33,38,45,39,21
2,190,58,0.23448337661102414,109,172,59,49,58,37,44,43,42,28
3,253,32,0.27592973643913865,109,204,63,55,58,32,38,51,44,21
5,312,50,0.26903971761930734,109,254,59,55,51,36,32,50,34,38
6,371,34,0.6518156303791329,109,288,59,47,52,29,33,50,34,43
7,432,45,0.3136139477137476,109,333,54,49,61,36,38,44,47,45
0,491,59,0.2808177138213068,109,392,59,59,58,43,45,46,43,35
1,549,58,0.3626121268607676,109,450,56,58,55,34,41,39,44,38
0,609,60,0.4138113997178152,109,510,60,55,57,36,48,52,40,26
0,665,53,0.42384464980568737,109,563,53,56,52,38,51,46,39,30
1,717,47,0.2800663079833612,109,610,43,47,49,36,52,42,37,35
2,774,56,0.24594455340411514,109,666,54,57,56,31,43,45,32,39
3,833,41,0.2895766462897882,109,707,57,58,59,41,42,48,38,32
1,897,53,0.4920657576294616,109,760,47,53,64,34,47,41,34,28
0,972,53,0.047826267895288765,109,813,53,64,75,50,48,46,47,36
6,1042,44,0.4045628374442458,109,857,58,56,70,41,45,43,44,31
6,1106,52,0.8144015156431124,109,909,44,57,64,44,43,36,52,25
7,1171,28,0.33953680377453566,109,937,46,54,65,38,38,38,45,28
6,1240,46,0.2783951663877815,109,983,43,47,69,39,40,36,46,36
5,1301,34,0.2087742934236303,109,1017,53,61,56,35,39,34,51,26
0,1368,51,0.14975566510111094,109,1068,51,53,67,44,34,28,42,28
0,1431,52,0.32612798863556236,109,1120,52,42,63,37,37,33,50,22
0,1497,39,0.1810977307613939,109,1159,39,53,66,36,52,40,48,30
1,1565,53,0.24022644571959972,109,1212,43,53,68,30,44,40,42,27
1,1625,52,0.20657511975150555,109,1264,37,52,60,19,37,26,55,28
1,1691,38,0.1561746153747663,109,1302,50,38,66,42,46,32,54,30
2,1751,60,0.11618050385732204,109,1362,43,43,60,36,41,28,44,30
2,1813,62,0.06256572401616722,109,1424,48,41,62,28,39,34,61,32
3,1879,34,0.5866327872499824,109,1458,43,40,66,34,48,34,57,26
3,1943,34,0.11772171745542437,109,1492,42,40,64,34,44,33,44,24
1,2005,50,0.26079985674005,109,1542,48,50,62,33,45,40,53,30
1,2058,49,0.09661963453982025,109,1591,53,49,45,35,34,41,50,32
2,2124,66,0.07668306236155331,109,1657,48,46,66,39,40,39,53,24
2,2180,55,0.8276023182552308,109,1712,44,47,55,43,39,41,56,29
0,2243,48,0.6513906444888562,109,1760,48,44,63,37,45,53,47,28
0,2305,54,0.5807585101574659,109,1814,54,47,62,42,37,51,48,36
1,2363,41,0.3270093221217394,109,1855,40,41,56,38,40,58,42,46
2,2416,53,0.6123777126194909,109,1908,45,39,53,31,47,47,53,47
2,2481,52,0.3329047206789255,109,1960,49,44,52,42,38,65,43,37
0,2547,49,0.3537047051358968,109,2009,49,46,48,38,45,66,39,40
0,2611,51,0.2086821278790012,109,2060,51,50,50,44,50,64,42,38
2,2675,48,0.29237361636478454,109,2108,56,45,48,44,53,64,37,51
2,2740,40,0.0612702852813527,109,2148,51,44,40,36,47,65,40,43
0,2803,61,0.11038559151347727,109,2209,61,45,49,38,55,63,36,38
0,2865,54,0.08404350990895182,109,2263,54,50,45,48,51,62,38,47
5,2927,62,1.170592132024467,109,2325,58,51,55,42,55,62,32,40
5,2993,66,0.40262415958568454,109,2391,52,52,48,37,56,66,41,29
6,3061,41,0.29038181516807526,109,2432,64,45,40,39,49,68,41,29
5,3131,70,0.16830847319215536,109,2502,65,50,54,47,44,70,25,40
5,3196,64,0.3357477734098211,109,2566,65,49,52,46,44,64,27,37
5,3266,70,0.15794816322159022,109,2636,65,55,43,38,46,70,35,39
5,3334,68,0.2804343303432688,109,2704,53,52,41,30,47,68,24,42
5,3402,68,0.08344955369830132,109,2772,60,51,45,46,43,68,31,41
5,3460,58,0.015988812083378434,109,2830,56,45,35,39,49,58,30,37
5,3523,63,0.12157219159416854,109,2893,50,50,52,41,43,63,27,47
7,3578,48,0.09210415987763554,109,2941,51,42,54,42,45,55,36,48
5,3632,54,0.6971982297254726,109,2995,40,45,38,46,40,54,38,41
5,3693,61,0.6209209519438446,109,3056,50,48,44,47,36,61,29,40
0,3753,50,0.4928235636325553,109,3106,50,49,42,53,49,60,38,47
0,3821,47,0.16741177870426327,109,3153,47,41,43,45,47,68,37,40
5,3881,60,0.43410191335715353,109,3213,55,43,40,52,40,60,33,52
5,3942,61,0.3236279966076836,109,3274,57,34,45,57,41,61,28,48
5,3998,56,0.3114794179564342,109,3330,52,43,46,46,41,56,42,51
5,4058,60,0.38492260326165706,109,3390,47,50,48,53,39,60,39,56
0,4114,47,0.061945526278577745,109,3437,47,46,39,50,39,56,41,51
5,4174,60,0.21287118247710168,109,3497,48,55,41,48,40,60,46,49
1,4238,44,0.3197026379639283,109,3541,49,44,45,39,44,64,47,48
2,4308,48,0.4231143653159961,109,3589,45,64,48,57,53,70,42,48
3,4374,49,0.26219130121171474,109,3638,53,55,40,49,45,66,52,48
5,4446,72,0.04695453483145684,109,3710,51,47,40,50,50,72,44,49
5,4512,66,0.35394792002625763,109,3776,59,49,45,43,46,66,51,52
5,4579,67,0.15371110569685698,109,3843,50,49,43,42,38,67,65,53
5,4642,63,0.1438794678542763,109,3906,60,38,50,43,44,63,50,57
5,4702,60,0.2648423423524946,109,3966,54,49,48,41,38,60,46,51
5,4757,55,0.27876894909422845,109,4021,43,53,44,42,40,55,55,52
6,4817,59,0.3122065021889284,109,4080,53,53,45,37,38,60,59,48
6,4879,49,0.4654369385680184,109,4129,57,46,42,39,40,62,49,52
7,4940,59,0.10706250939983875,109,4188,44,43,43,45,42,61,51,59
5,5000,57,0.2951501051429659,109,4245,50,52,41,53,43,57,57,60
5,5057,48,0.2572943634586409,109,4293,45,46,50,49,31,48,51,57
7,5123,66,0.16213337774388492,109,4359,50,45,41,51,37,55,57,66
7,5182,59,0.3082811434287578,109,4418,43,52,54,49,39,48,52,59
5,5241,47,0.0966951590962708,109,4465,49,54,52,48,35,47,54,59
7,5303,62,0.09339191822800785,109,4527,49,53,50,57,41,47,51,62
7,5363,60,0.15232350130099803,109,4587,57,52,54,57,42,38,40,60
7,5423,60,0.07947747223079205,109,4647,54,57,45,53,38,39,52,60
7,5476,53,0.1292731398716569,109,4700,52,52,45,51,35,43,50,53
7,5535,52,0.018537447089329362,109,4752,59,50,48,52,28,38,49,52
7,5589,46,0.17709364730399102,109,4798,54,50,52,53,27,45,53,46
5,5642,47,0.1583334666211158,109,4845,53,47,51,53,34,47,50,48
3,5702,53,0.1528835353674367,109,4898,52,47,60,53,32,46,43,46
2,5761,59,0.012699012062512338,109,4957,57,52,59,55,32,40,51,52
2,5823,62,0.770448763272725,109,5019,46,53,62,48,30,35,53,51
2,5877,45,0.3448100844398141,109,5064,51,54,45,45,35,33,51,47
1,5938,54,0.01787628687452525,109,5118,52,54,50,51,42,42,61,49
1,5994,44,0.7296514027984813,109,5162,53,44,44,52,46,41,48,56
0,6051,57,0.6687222582986578,109,5219,57,46,39,51,49,37,54,49
0,6112,59,0.10197548009455204,109,5278,59,45,45,61,46,39,44,45
0,6175,63,0.0034683708800002933,109,5341,63,39,43,58,51,38,54,50
0,6241,65,0.22425875486806035,109,5406,65,45,41,66,44,44,42,49
0,6297,56,0.18678191641811281,109,5462,56,54,44,56,42,45,52,41
0,6357,60,0.18461410445161164,109,5522,60,52,45,58,49,46,54,43
0,6418,61,0.24597335525322706,109,5583,61,55,40,61,44,50,52,40
0,6479,61,0.20334868354257196,109,5644,61,55,31,54,47,47,61,40
0,6546,67,0.0771278893807903,109,5711,67,53,39,57,47,41,54,36
0,6622,76,0.008996386895887554,109,5787,76,52,32,59,44,43,56,44
0,6700,78,0.6050063844304532,109,5865,78,45,28,59,45,42,42,40
0,6778,78,0.35239774570800364,109,5943,78,45,25,57,51,39,46,33
0,6859,81,0.35389159654732794,109,6024,81,54,29,59,51,42,57,46
0,6938,79,0.35835330793634057,109,6103,79,47,30,63,55,37,41,31
0,7019,81,0.24873000278603286,109,6184,81,39,29,60,51,41,38,33
0,7102,83,0.19154508598148823,109,6267,83,42,27,47,57,30,39,29
0,7193,91,0.2674735423643142,109,6358,91,35,27,53,54,35,44,25
0,7280,87,0.41214281832799315,109,6445,87,40,25,53,43,35,39,25
0,7364,84,0.35828546376433223,109,6529,84,44,24,45,55,42,35,21
0,7448,84,0.26689174701459706,109,6613,84,39,32,42,40,50,40,22
0,7533,85,0.202547354856506,109,6698,85,42,20,45,40,44,38,29
0,7617,84,0.28006758808624,109,6782,84,38,35,46,44,44,49,19
0,7702,85,0.24094008922111243,109,6867,85,36,22,54,42,45,49,13
0,7779,77,0.35437226574867964,109,6944,77,35,28,42,36,39,44,27
0,7867,88,0.16669685521628708,109,7032,88,43,41,49,40,41,43,18
0,7949,82,0.0745005295611918,109,7114,82,41,32,49,35,37,55,18
0,8027,78,0.7157887999201193,109,7192,78,43,36,45,29,47,43,22
0,8108,81,0.25714011408854276,109,7273,81,37,37,42,37,45,57,32
0,8184,76,0.24650586757343262,109,7349,76,42,40,50,31,47,58,22
0,8259,75,0.4178193233674392,109,7424,75,39,43,45,39,47,60,21
0,8340,81,0.40397656173445284,109,7505,81,43,44,45,39,44,63,25
0,8417,77,0.3562642208999023,109,7582,77,39,34,47,38,52,69,20
0,8495,78,0.3957335005979985,109,7660,78,48,35,49,34,57,64,13
0,8571,76,0.2448814488016069,109,7736,76,43,25,47,32,56,58,23
0,8649,78,0.20325779810082167,109,7814,78,45,39,42,50,56,58,31
0,8724,75,0.08097644336521626,109,7889,75,48,41,40,44,60,65,39
0,8795,71,1.013423536089249,109,7960,71,46,33,47,46,62,55,33
0,8873,78,0.34495217306539416,109,8038,78,51,38,46,43,69,60,30
0,8948,75,0.21956790972035378,109,8113,75,63,28,48,35,65,62,29
0,9020,72,0.20425177842844278,109,8185,72,56,37,61,46,58,60,39
0,9087,64,0.5171488827327266,109,8249,64,48,44,59,35,67,65,37
0,9156,63,0.5467794842552394,109,8312,63,52,34,48,44,69,61,45
0,9228,72,0.5690125159453601,109,8384,72,57,30,46,44,56,61,34
0,9297,69,0.31033374834805727,109,8453,69,54,32,43,35,61,65,43
0,9371,74,0.36149333883076906,109,8527,74,58,31,52,37,63,64,40
0,9450,79,0.37184276804327965,109,8606,79,62,29,49,36,64,53,54
0,9537,87,0.379255058709532,109,8693,87,52,28,49,38,60,65,41
0,9616,79,0.43620380118954927,109,8772,79,52,34,51,35,60,70,45
0,9684,66,0.2635789056075737,109,8838,66,55,22,56,43,56,68,31
0,9752,68,0.4613803719403222,109,8906,68,46,27,59,32,58,64,26
0,9816,64,0.38368412805721164,109,8970,64,53,25,59,31,61,64,29
0,9884,68,0.5721864689840004,109,9038,68,55,25,63,40,59,58,28
0,9955,71,0.5720552610000595,109,9109,71,46,30,62,31,63,54,33
0,10019,64,0.5025713563663885,109,9173,64,45,34,51,30,56,61,21
0,10085,59,0.2716645171167329,109,9232,59,41,38,56,33,66,64,27
0,10147,62,0.4074641338083893,109,9294,62,44,42,50,27,48,60,27
0,10211,62,0.6167843805160373,109,9356,62,52,44,64,30,54,56,28
0,10275,64,0.25300162250641733,109,9420,64,51,38,61,34,48,60,29
1,10345,45,0.6867694356478751,109,9465,70,45,36,56,35,42,66,31
2,10404,46,0.12167459772899747,109,9511,59,48,46,51,37,44,51,31
3,10465,48,0.5337188501143828,109,9559,61,37,45,48,30,51,51,26
4,10525,31,0.2849363641580567,109,9590,60,32,40,44,31,51,44,28
5,10585,41,0.08841049543116242,109,9631,60,32,37,47,33,41,46,34
6,10652,51,0.10706634959205985,109,9682,67,36,48,50,31,48,51,26
7,10724,39,0.06648276222404093,109,9721,72,25,47,38,38,41,41,39
0,10796,72,0.46951846673619,109,9793,72,33,52,40,35,57,45,43
0,10860,64,0.26522252545692027,109,9857,64,35,47,40,34,58,41,38
0,10925,65,0.09934556018561125,109,9922,65,39,49,39,34,55,53,34
0,10996,71,0.5411279406398535,109,9993,71,37,47,35,33,52,46,28
0,11063,64,0.6092876046895981,109,10057,64,46,42,47,30,67,44,28
0,11131,68,0.23320393881294876,109,10125,68,46,44,45,45,56,40,27
0,11191,60,0.24683484761044383,109,10185,60,39,38,52,39,54,33,37
0,11263,72,0.7133278503315523,109,10257,72,40,36,40,30,51,38,35
0,11328,65,0.6354133532149717,109,10322,65,39,41,43,37,57,43,27
0,11397,69,0.9725000880425796,109,10391,69,37,31,42,38,57,31,27
0,11465,68,1.5489044134737924,109,10459,68,42,37,36,30,59,35,33
0,11538,73,1.0509534979937598,109,10532,73,32,38,40,37,56,35,39
0,11607,69,1.0230913239065558,109,10601,69,31,41,36,27,54,31,41
0,11670,63,0.48766549001447856,109,10664,63,35,33,37,40,52,24,40
0,11739,69,0.8227239416446537,109,10733,69,33,33,44,29,48,32,37
0,11805,66,0.1447761624585837,109,10799,66,25,28,34,23,62,30,41
0,11870,63,0.2565877605229616,109,10862,63,26,39,40,25,65,37,39
1,11937,23,0.38096972287166864,109,10885,67,23,32,34,29,61,39,34
2,12008,25,0.2752813771367073,109,10910,71,35,25,38,24,54,44,26
3,12071,35,0.33247141423635185,109,10945,62,32,26,35,34,63,41,42
4,12141,33,0.6253570617409423,109,10978,70,30,26,32,33,60,40,38
5,12205,64,0.5215805120533332,109,11042,61,40,28,38,34,64,44,49
6,12272,39,0.3216208345256746,109,11081,58,36,22,49,26,67,39,51
7,12340,47,0.6149711502948776,109,11128,68,46,38,41,33,54,38,47
5,12401,59,0.64440397976432,109,11187,61,37,28,44,26,59,32,46
5,12457,53,0.3166874145390466,109,11240,56,31,22,44,34,53,33,45
0,12521,64,0.9766769820125774,109,11304,64,37,38,50,21,56,37,43
5,12581,58,0.42365647840779275,109,11362,60,37,31,50,31,58,36,32
0,12640,59,1.4464482640614733,109,11421,59,40,29,49,26,56,35,31
5,12703,54,0.4398315418511629,109,11475,63,39,31,48,34,54,43,39
0,12765,62,0.43635165016166866,109,11537,62,42,24,51,38,54,38,45
0,12827,62,0.4190488380845636,109,11599,62,40,26,49,37,55,44,46
0,12888,61,0.40298258140683174,109,11660,61,38,32,50,37,54,50,37
5,12953,52,0.33785222144797444,109,11712,65,34,35,51,25,52,45,34
5,13023,52,0.3321597152389586,109,11764,70,42,31,54,28,52,54,33
5,13088,52,0.6518860347568989,109,11816,65,37,38,49,31,52,45,45
0,13152,64,0.4209657546598464,109,11880,64,36,27,51,30,48,53,44
0,13229,77,0.19492961163632572,109,11957,77,45,33,53,28,47,56,45
