choice,max_possible,points,reaction_time,subject,total_points,0,1,2,3,4,5,6,7
4,70,70,2.082513816887513,109,70,58,50,42,49,70,12,64,57
4,141,71,1.3473510389449075,109,141,60,37,49,41,71,19,68,52
4,221,72,0.39209999958984554,109,213,61,48,45,50,72,20,80,62
4,292,62,0.4873096285155043,109,275,55,38,48,49,62,19,71,51
4,362,68,0.3866775899659842,109,343,51,36,43,46,68,23,70,55
4,435,60,0.3226775388466194,109,403,47,34,47,44,60,22,73,54
4,502,67,0.25114870979450643,109,470,44,28,50,44,67,14,63,58
4,577,57,0.3806599440285936,109,527,48,25,55,42,57,22,75,51
4,638,58,0.2946099122054875,109,585,41,28,48,43,58,18,61,57
4,706,66,0.5146981736179441,109,651,43,37,49,35,66,24,68,56
4,775,64,0.2949081704718992,109,715,40,35,54,55,64,23,69,59
0,847,41,0.32439156295731664,109,756,41,37,41,37,72,19,65,63
1,917,31,0.2329127211123705,109,787,45,31,40,43,61,16,70,52
2,984,48,0.08588170155417174,109,835,43,39,48,47,63,22,67,53
3,1042,50,0.22477398614864796,109,885,43,34,46,50,55,18,58,55
4,1104,55,0.35536112601403147,109,940,32,38,42,50,55,25,62,52
4,1171,57,0.07173556147608906,109,997,44,39,59,46,57,22,67,52
5,1237,43,0.40856052050367,109,1040,38,36,62,47,52,43,66,49
6,1300,63,0.27643856743816286,109,1103,32,33,59,55,58,29,63,58
7,1369,42,0.2143720737658441,109,1145,44,25,51,50,53,34,69,42
6,1427,58,0.7767179444199428,109,1203,42,30,47,43,55,40,58,44
6,1484,57,0.49348984414245933,109,1260,46,35,41,48,52,32,57,37
6,1542,58,0.12220455007627606,109,1318,40,24,45,49,52,41,58,39
3,1604,41,2.2045775583246723,109,1359,38,29,55,41,62,48,58,38
2,1665,58,0.6978638701839373,109,1417,43,37,58,44,54,48,61,49
4,1725,60,2.248116205446422,109,1477,45,32,54,56,60,44,59,39
5,1790,41,0.5103625500341877,109,1518,38,32,55,48,60,41,65,46
6,1855,64,0.0441262029344216,109,1582,45,41,53,55,65,40,64,49
6,1924,69,0.4238241685088724,109,1651,37,25,55,57,60,30,69,46
6,1992,67,0.3105814433656633,109,1718,39,32,63,68,56,36,67,50
6,2055,60,0.12949971354100853,109,1778,41,23,52,55,63,40,60,46
6,2121,66,0.08828888786956668,109,1844,38,20,59,59,57,32,66,43
6,2179,51,0.1023883051238954,109,1895,32,32,50,56,58,46,51,48
6,2245,57,0.10506174771580845,109,1952,38,26,47,66,64,42,57,52
0,2310,38,0.2632844877662137,109,1990,38,24,46,65,64,41,56,47
1,2372,26,0.13078875199425966,109,2016,35,26,56,61,62,39,57,48
2,2435,56,0.264993391581811,109,2072,38,11,56,63,63,42,53,51
3,2493,58,0.10931800655089319,109,2130,34,18,51,58,53,43,56,49
3,2550,52,0.06659668916836381,109,2182,36,22,57,52,50,46,55,46
3,2611,55,0.44639578089118004,109,2237,42,19,61,55,60,41,57,45
4,2672,52,0.1915367655456066,109,2289,34,23,52,61,52,40,46,37
6,2739,51,0.4447163187433034,109,2340,32,18,67,54,63,34,51,48
7,2798,49,0.20458907901775092,109,2389,30,15,56,59,53,37,51,49
4,2856,55,0.5515356133691967,109,2444,25,14,55,54,55,34,58,49
4,2920,53,0.3076852671802044,109,2497,28,17,57,64,53,37,57,51
4,2981,55,0.2735155096743256,109,2552,25,9,61,53,55,47,61,41
3,3040,50,0.32181988656520844,109,2602,22,16,57,50,55,51,59,44
4,3107,46,0.16244379663839936,109,2648,25,11,67,51,46,37,47,40
3,3172,60,0.45130423933733255,109,2708,34,10,65,60,51,41,50,37
3,3239,64,0.1266137781785801,109,2772,33,14,67,64,54,47,55,39
3,3310,53,0.20765678549651057,109,2825,36,8,71,53,56,42,51,47
3,3376,57,0.5481632483424619,109,2882,38,17,66,57,54,32,50,43
3,3445,60,0.126439047511667,109,2942,40,9,69,60,54,31,46,32
3,3510,57,0.12802826415281743,109,2999,49,7,65,57,54,46,50,36
3,3582,60,0.5836284445831552,109,3059,49,12,72,60,58,44,62,38
3,3645,53,0.24942572508007288,109,3112,48,19,63,53,51,44,58,46
3,3713,54,0.1201519452733919,109,3166,49,20,68,54,58,42,62,49
3,3775,55,0.16612466040533036,109,3221,49,17,60,55,62,49,53,55
3,3841,58,0.17147282545920461,109,3279,40,7,66,58,53,50,51,44
3,3903,57,0.4319712237920612,109,3336,50,9,62,57,50,46,50,45
3,3970,56,0.26263868843670934,109,3392,50,1,67,56,46,38,51,48
3,4037,55,0.23652766086161137,109,3447,46,15,67,55,48,38,41,38
3,4104,34,0.06047663697972894,109,3481,48,19,67,34,60,42,47,52
3,4165,44,0.19363865326158702,109,3525,44,14,61,44,56,39,52,42
3,4220,46,0.15574834949802607,109,3571,37,6,53,46,55,45,50,49
4,4279,54,0.12515768955927342,109,3625,38,14,59,42,54,48,49,47
4,4335,50,0.11224874469917268,109,3675,45,17,56,35,50,47,37,42
4,4396,57,0.5946089521748945,109,3732,41,16,61,41,57,45,49,46
4,4461,65,0.14007315644994378,109,3797,46,15,58,49,65,42,44,53
4,4528,67,0.1504565078066662,109,3864,44,20,62,40,67,44,55,48
4,4596,68,0.5983627804089338,109,3932,43,18,63,45,68,51,48,58
4,4659,59,0.1592653632396832,109,3991,52,16,63,47,59,50,45,49
4,4725,66,0.25318467372562736,109,4057,49,16,59,53,66,49,58,59
4,4791,66,0.537767096189782,109,4123,49,16,57,62,66,43,55,57
4,4860,69,0.23669407109264284,109,4192,49,13,58,57,69,44,54,62
4,4926,66,0.18733554997015744,109,4258,58,17,54,54,66,45,59,57
4,4997,71,0.098223572014831,109,4329,49,16,63,50,71,50,52,49
4,5065,68,0.45038386329542845,109,4397,45,17,65,56,68,55,63,56
4,5130,65,0.14422252867370844,109,4462,52,21,59,57,65,58,57,63
4,5200,70,0.3712020891252905,109,4532,54,15,54,57,70,61,60,60
4,5272,72,0.20668584643863142,109,4604,59,22,55,59,72,57,61,51
4,5350,78,0.2316595249576494,109,4682,51,17,58,60,78,49,52,56
4,5431,81,0.3583552280906588,109,4763,57,15,60,55,81,57,53,50
4,5494,63,0.269210607977584,109,4826,51,16,56,59,63,48,53,57
4,5564,70,0.2748282295651734,109,4896,53,20,68,59,70,58,67,68
4,5632,64,0.4284036469180137,109,4960,55,21,60,58,64,55,68,55
4,5701,69,0.059111434035003185,109,5029,50,18,51,52,69,60,65,64
4,5772,64,0.3025367942173034,109,5093,57,22,59,71,64,45,59,53
4,5841,69,0.33740163408219814,109,5162,59,18,45,59,69,50,68,52
4,5909,64,0.24798819771967828,109,5226,60,21,44,56,64,47,68,56
4,5973,56,0.30489213741384447,109,5282,53,25,44,57,56,38,64,55
4,6037,64,0.539493921212852,109,5346,62,23,51,54,64,29,60,46
6,6100,56,0.6360386712476611,109,5402,63,19,48,59,63,46,56,58
7,6168,63,0.39438045828137547,109,5465,62,12,49,60,60,47,68,63
7,6242,56,0.12071261927485466,109,5521,59,13,46,53,62,47,74,56
7,6311,57,0.28851994208525866,109,5578,60,25,48,51,61,47,69,57
4,6377,66,0.2749536770861596,109,5644,62,16,49,53,66,36,57,54
4,6440,63,0.33295144350267947,109,5707,52,26,47,56,63,42,57,60
0,6502,55,0.3036939846351743,109,5762,55,24,45,62,59,36,56,56
0,6561,54,0.682256521191448,109,5816,54,29,38,58,56,30,55,59
0,6623,50,0.11023582227062434,109,5866,50,27,42,49,52,35,62,55
0,6683,36,0.013083675410598516,109,5902,36,23,47,59,60,29,54,42
1,6737,26,0.13344427349511534,109,5928,47,26,32,54,45,21,50,48
2,6791,34,0.9065632789861411,109,5962,47,26,34,54,52,26,49,50
3,6846,55,0.49783506826497614,109,6017,44,35,36,55,53,36,46,41
4,6905,56,0.3402715685078874,109,6073,49,29,29,59,56,30,39,43
4,6955,49,0.46771035669371486,109,6122,50,30,41,45,49,26,48,45
4,7014,49,0.07437124184798449,109,6171,59,33,39,51,49,32,39,38
5,7070,33,0.25704602838959545,109,6204,55,34,41,56,52,33,37,46
5,7126,40,0.04461903288029134,109,6244,55,31,48,56,41,40,36,44
6,7183,44,0.33142623072490096,109,6288,52,32,42,57,46,39,44,48
7,7233,42,0.32633408112451434,109,6330,50,29,47,48,44,40,49,42
5,7284,31,0.35713979403954,109,6361,42,26,44,51,43,31,51,47
5,7349,29,0.20400344347581267,109,6390,36,32,49,65,38,29,49,54
6,7409,51,0.2655271841213107,109,6441,40,31,35,60,36,31,51,48
6,7477,52,0.006486794329248369,109,6493,44,29,43,68,45,30,52,48
6,7529,49,0.3029233777197078,109,6542,44,34,52,51,37,35,49,51
6,7585,43,0.311241963529028,109,6585,39,27,41,56,44,33,43,45
7,7644,38,0.08764756901655346,109,6623,41,30,39,59,43,27,55,38
7,7703,41,0.1591379955643788,109,6664,45,31,44,59,46,34,43,41
7,7759,44,0.09826453437563032,109,6708,38,37,40,56,41,28,51,44
4,7813,40,0.1399272276321426,109,6748,50,35,39,54,40,27,45,43
3,7865,48,1.4479869175702333,109,6796,50,29,36,48,47,21,52,39
3,7928,63,0.39659115264657885,109,6859,48,40,43,63,52,28,54,56
3,7986,54,0.012690691626630723,109,6913,41,33,52,54,46,26,58,43
3,8051,65,0.5417820604052395,109,6978,52,33,56,65,55,27,65,49
3,8108,50,0.037737334379926324,109,7028,48,41,56,50,49,32,57,50
3,8182,53,0.46216825977899134,109,7081,34,38,45,53,62,18,74,58
3,8249,52,0.10433338349685073,109,7133,47,38,41,52,57,21,67,54
3,8319,44,1.1337585325818509,109,7177,46,36,50,44,58,14,70,50
0,8384,45,0.279911418678239,109,7222,45,39,53,51,57,21,65,59
1,8447,35,0.0026670421939343214,109,7257,40,35,51,46,57,22,63,58
2,8511,45,0.5809383610030636,109,7302,36,40,45,48,50,27,64,62
3,8577,47,0.2195103062549606,109,7349,44,37,48,47,48,29,66,63
5,8638,22,0.22423571348190308,109,7371,46,39,45,44,47,22,61,57
6,8701,63,0.13802695204503834,109,7434,43,42,51,50,45,24,63,57
6,8761,56,0.33222819946240634,109,7490,40,44,53,48,40,28,56,60
6,8816,55,0.038523302297107875,109,7545,44,48,48,41,31,27,55,49
6,8870,53,0.5437047372106463,109,7598,37,34,45,47,40,29,53,54
7,8929,50,0.3155756670748815,109,7648,51,41,37,45,34,28,59,50
7,8994,65,0.33019735594280064,109,7713,46,34,51,48,38,37,48,65
7,9056,62,0.2865076595917344,109,7775,38,54,49,41,27,31,50,62
7,9118,62,0.17861886008176953,109,7837,44,56,50,49,32,26,51,62
7,9178,59,0.2821323536336422,109,7896,49,56,44,60,27,28,51,59
7,9248,70,0.47404162178281695,109,7966,42,47,40,48,29,27,48,70
7,9319,71,0.40421017596963793,109,8037,44,53,53,47,29,30,50,71
7,9385,66,0.31858513003680855,109,8103,38,55,49,45,32,43,36,66
7,9446,61,0.24354824773035944,109,8164,40,55,51,40,34,39,48,61
7,9508,62,0.10623173892963678,109,8226,45,54,48,39,39,30,43,62
7,9577,69,0.1744534868048504,109,8295,42,51,50,40,45,36,35,69
7,9648,71,0.02090431097894907,109,8366,40,50,55,45,34,39,37,71
7,9712,64,0.14653178909793496,109,8430,37,57,57,51,36,41,36,64
7,9784,72,0.1531792333116755,109,8502,37,48,64,50,36,46,39,72
7,9843,59,0.5313551864819601,109,8561,32,55,57,39,31,39,40,59
7,9903,60,0.3242552346782759,109,8621,41,54,56,42,32,42,31,60
7,9962,59,0.06602577434387058,109,8680,46,57,46,48,41,40,40,59
7,10013,51,0.5009219760540873,109,8731,38,48,49,49,33,37,38,51
7,10066,48,0.2523897453211248,109,8779,43,48,53,34,36,41,37,48
7,10126,50,0.12494967691600323,109,8829,41,41,60,50,34,40,37,50
7,10183,57,0.3697287194663659,109,8886,41,46,52,45,31,43,47,57
6,10243,49,1.589876504498534,109,8935,38,48,60,44,39,38,49,60
5,10303,40,0.032071069930680096,109,8975,34,49,56,44,40,40,52,60
4,10358,39,0.44971566274762154,109,9014,45,44,52,48,39,49,43,55
3,10423,46,0.29312438203487545,109,9060,41,41,65,46,30,36,41,57
2,10486,58,0.3728738707723096,109,9118,29,36,58,45,30,45,48,63
1,10543,30,0.2504107450367883,109,9148,42,30,57,46,34,48,48,55
0,10599,38,0.3077767929062247,109,9186,38,31,48,39,36,46,38,56
1,10661,35,0.02049276593606919,109,9221,41,35,57,38,32,62,49,51
2,10722,61,0.19571365939918905,109,9282,38,34,61,49,32,55,45,51
2,10782,60,0.38189265911933035,109,9342,41,41,60,53,23,57,46,55
2,10857,59,0.25845603412017226,109,9401,44,40,59,51,27,75,49,53
2,10919,60,0.0885596243897453,109,9461,45,36,60,50,26,62,47,54
2,10975,54,0.047371200169436634,109,9515,49,30,54,50,29,50,56,51
2,11032,57,0.18503140984103084,109,9572,44,32,57,51,34,55,53,45
2,11104,72,0.15456491755321622,109,9644,46,33,72,46,24,53,51,44
2,11175,71,0.38138510822318494,109,9715,46,39,71,44,22,63,41,51
2,11241,66,0.06754266656935215,109,9781,52,35,66,36,33,61,65,60
2,11310,69,0.32286507019307464,109,9850,48,45,69,45,30,63,60,59
2,11376,64,0.1764868904137984,109,9914,44,43,64,41,41,66,51,59
2,11439,63,0.007281722733750939,109,9977,49,36,63,42,23,57,44,52
2,11495,56,0.16980616410728544,109,10033,42,43,56,38,19,44,47,54
2,11551,56,0.5363455697661266,109,10089,51,43,56,32,21,54,47,51
2,11608,57,0.19735983945429325,109,10146,41,41,57,34,24,51,52,56
2,11670,58,0.24271619715727866,109,10204,51,45,58,41,25,62,47,48
2,11731,61,0.3073274855269119,109,10265,42,50,61,32,30,56,44,46
2,11789,58,0.32139298075344414,109,10323,38,48,58,31,24,53,50,55
2,11854,65,0.25183547160122544,109,10388,42,43,65,36,24,54,52,52
2,11912,57,0.2467151602031663,109,10445,41,52,57,32,29,58,46,57
2,11979,58,0.21974136028438807,109,10503,39,50,58,35,33,55,67,60
2,12044,65,0.3018993155565113,109,10568,43,45,65,34,35,59,62,61
2,12115,71,0.604223616886884,109,10639,40,41,71,39,38,56,63,53
2,12181,59,0.3987788057420403,109,10698,33,32,59,34,43,57,66,56
2,12245,58,0.37079438427463174,109,10756,35,42,58,30,35,52,60,64
2,12305,57,0.32803914474789053,109,10813,27,31,57,37,43,60,59,54
2,12372,67,0.44391947030089796,109,10880,29,35,67,32,31,57,65,62
2,12443,71,0.43069498625118285,109,10951,44,32,71,34,34,63,54,57
2,12508,65,0.8606148853432387,109,11016,41,37,65,29,37,50,61,50
2,12576,68,0.7186792157590389,109,11084,30,38,68,27,38,59,48,51
2,12634,58,0.40649191476404667,109,11142,36,36,58,26,34,56,54,49
2,12694,60,0.25222525524441153,109,11202,32,44,60,29,44,56,51,53
