choice,max_possible,points,reaction_time,subject,total_points,0,1,2,3
0,97,97,0.7470899031031877,109,97,97,32,50,40
0,169,72,0.9617058316944167,109,169,72,29,62,43
0,248,79,0.10111334768589586,109,248,79,32,54,45
0,321,73,0.08433792775031179,109,321,73,31,53,42
0,404,83,0.008749971981160343,109,404,83,29,65,37
0,483,79,0.3892697476549074,109,483,79,30,48,34
0,571,88,0.11452728335279971,109,571,88,34,54,37
0,658,87,0.06170167145319283,109,658,87,33,51,34
0,733,75,0.014861063566058874,109,733,75,40,61,28
0,823,90,0.14583030645735562,109,823,90,36,58,41
0,903,80,0.4672712900210172,109,903,80,45,67,41
0,976,73,0.08529542596079409,109,976,73,42,58,47
0,1056,80,0.08694160601589829,109,1056,80,42,62,36
0,1130,74,0.06161974649876356,109,1130,74,49,68,36
0,1200,70,0.06993705220520496,109,1200,70,32,55,43
0,1274,74,0.10174186597578228,109,1274,74,47,55,37
0,1347,73,0.10071396338753402,109,1347,73,50,46,40
0,1421,74,0.18829368823207915,109,1421,74,50,55,43
0,1486,65,0.1689280307618901,109,1486,65,51,56,42
0,1559,73,0.06779356184415519,109,1559,73,60,61,45
1,1627,54,0.34363625303376466,109,1613,68,54,55,48
2,1700,59,0.21461400855332613,109,1672,73,54,59,38
3,1776,46,0.28944863856304437,109,1718,76,67,56,46
0,1853,77,0.2668450241908431,109,1795,77,58,58,42
0,1937,84,0.2849146027583629,109,1879,84,56,57,47
0,2015,78,0.02855917636770755,109,1957,78,53,59,45
0,2092,77,0.3242225927533582,109,2034,77,59,59,52
0,2170,78,0.12006233970168978,109,2112,78,54,68,49
0,2255,85,0.12259433371946216,109,2197,85,67,63,50
0,2335,80,0.17386017076205462,109,2277,80,55,47,52
0,2417,82,0.12536762235686183,109,2359,82,56,46,44
0,2503,86,0.1621288973838091,109,2445,86,64,56,42
0,2594,91,0.10407544777262956,109,2536,91,55,45,43
0,2674,80,0.13994514860678464,109,2616,80,56,44,46
0,2758,84,0.21642275853082538,109,2700,84,52,43,49
0,2846,88,0.1446001516887918,109,2788,88,41,45,44
0,2912,66,0.09939036297146231,109,2854,66,51,47,38
0,2992,80,0.05553681659512222,109,2934,80,46,54,38
0,3067,75,0.4074602934997529,109,3009,75,40,46,35
0,3144,77,0.4226292158709839,109,3086,77,50,53,39
0,3218,74,0.48532870796043426,109,3160,74,43,43,34
0,3283,65,0.4809342008084059,109,3225,65,46,43,32
0,3353,70,0.23568152938969433,109,3295,70,50,44,41
0,3419,66,0.1678706866223365,109,3361,66,44,44,29
0,3494,75,0.036068112938664854,109,3436,75,44,41,38
0,3554,60,0.02476438565645367,109,3496,60,49,35,41
0,3607,53,0.3857668145792559,109,3549,53,53,40,35
0,3659,51,0.10834066721145064,109,3600,51,52,46,44
1,3713,53,0.27539210382383317,109,3653,54,53,41,41
2,3770,53,0.2291748938150704,109,3706,56,57,53,34
3,3822,39,0.16908164019696414,109,3745,52,50,44,39
2,3879,42,0.09537731891032308,109,3787,57,40,42,43
2,3934,46,0.0613925326615572,109,3833,55,39,46,41
1,3999,41,0.07944163004867733,109,3874,65,41,45,44
1,4058,47,0.13620348111726344,109,3921,59,47,54,43
3,4119,49,0.2165443659760058,109,3970,61,33,56,49
2,4178,59,0.4002195333596319,109,4029,57,35,59,46
2,4236,58,0.2152105247369036,109,4087,57,51,58,56
2,4305,52,0.15869572875089943,109,4139,69,53,52,56
2,4376,54,0.19044357899110764,109,4193,71,49,54,55
0,4449,73,0.2522399761946872,109,4266,73,52,52,56
0,4527,78,0.19430621375795454,109,4344,78,50,47,55
0,4598,71,0.2984443854074925,109,4415,71,50,52,66
0,4668,70,0.14226912998128682,109,4485,70,52,53,58
0,4727,59,0.17471718275919557,109,4544,59,51,54,49
0,4790,57,0.2185566482366994,109,4601,57,47,54,63
0,4853,63,0.13970769417937845,109,4664,63,52,56,57
0,4921,68,0.21259340562392026,109,4732,68,43,58,61
0,4991,70,0.26610257907304913,109,4802,70,45,68,48
0,5063,72,0.24262723175343126,109,4874,72,43,65,57
0,5140,77,0.1776581616140902,109,4951,77,37,62,57
0,5219,79,0.268933471175842,109,5030,79,41,64,65
0,5300,81,0.15693498170003295,109,5111,81,38,64,54
0,5374,74,0.39300437457859516,109,5185,74,27,58,47
0,5454,80,0.6081969783408567,109,5265,80,32,55,62
0,5520,66,0.27526345604564995,109,5331,66,28,50,57
0,5591,71,0.19231121242046356,109,5402,71,39,56,61
0,5663,72,0.13550839887466282,109,5474,72,33,41,54
0,5743,80,0.5694579830160365,109,5554,80,31,53,63
0,5827,84,0.20618085574824363,109,5638,84,32,53,58
0,5904,77,0.025966378743760288,109,5715,77,31,51,70
0,5984,80,0.1394574389560148,109,5795,80,32,43,62
0,6068,84,0.22695651894900948,109,5879,84,37,48,59
0,6145,77,0.6472156706731766,109,5956,77,43,59,62
0,6215,70,0.8717586029088125,109,6026,70,43,46,58
0,6279,64,0.39218768500722945,109,6090,64,37,47,62
0,6353,74,0.15245214907918125,109,6164,74,30,43,65
0,6423,64,0.055437610601074994,109,6228,64,37,49,70
0,6498,62,1.0028308921027929,109,6290,62,32,49,75
0,6570,72,0.24495121301151812,109,6362,72,44,40,72
0,6651,81,0.5281940342392772,109,6443,81,32,39,74
0,6724,73,0.30695242271758616,109,6516,73,37,40,66
0,6802,78,0.24165821284987032,109,6594,78,28,49,70
0,6877,71,0.14784450898878276,109,6665,71,29,37,75
0,6946,59,0.06490058603230864,109,6724,59,35,47,69
0,7021,71,0.053595578647218645,109,6795,71,22,45,75
0,7091,70,0.25175162649247795,109,6865,70,31,40,70
0,7166,75,0.1399592295056209,109,6940,75,23,38,70
0,7236,70,0.0880239118123427,109,7010,70,22,48,66
0,7307,71,0.09619720885530114,109,7081,71,33,38,66
0,7383,76,0.20334676350466907,109,7157,76,38,38,63
0,7459,76,0.061463576974347234,109,7233,76,31,36,70
0,7536,77,0.07597005891148001,109,7310,77,44,28,66
0,7611,70,0.041806701803579926,109,7380,70,47,43,75
0,7675,64,0.5278599339071661,109,7444,64,49,44,61
0,7750,75,0.14566645654849708,109,7519,75,47,52,66
0,7826,76,0.14779330580495298,109,7595,76,48,43,60
0,7897,71,0.1286459016846493,109,7666,71,48,49,62
0,7964,67,0.1695123864337802,109,7733,67,48,59,65
0,8032,67,0.09350968536455184,109,7800,67,53,57,68
0,8106,74,0.03954032401088625,109,7874,74,42,52,64
0,8173,67,0.22385873063467443,109,7941,67,38,55,67
0,8233,60,0.14495921356137842,109,8001,60,43,53,59
0,8301,63,0.2684624025132507,109,8064,63,39,56,68
0,8371,58,0.5278727345867082,109,8122,58,40,49,70
0,8438,65,0.6730905239237472,109,8187,65,42,48,67
1,8506,43,0.3667768600862473,109,8230,66,43,47,68
2,8576,56,0.19708078249823302,109,8286,70,45,56,66
2,8643,60,0.21976760181132704,109,8346,61,41,60,67
3,8709,63,0.26902051642537117,109,8409,66,50,46,63
3,8774,63,0.27116720692720264,109,8472,65,46,48,63
3,8834,60,0.24872680264525115,109,8532,53,50,44,60
2,8898,58,0.2420390360057354,109,8590,57,61,58,64
0,8959,50,0.46171639231033623,109,8640,50,47,50,61
0,9023,59,0.23338698991574347,109,8699,59,56,48,64
0,9088,52,0.33742979576345533,109,8751,52,57,57,65
1,9147,59,0.3940469981171191,109,8810,50,59,56,57
1,9210,60,0.5486099955160171,109,8870,63,60,48,61
1,9280,60,0.5250053602503613,109,8930,65,60,55,70
1,9345,62,0.34844998572953045,109,8992,65,62,53,63
1,9411,66,0.2649940316332504,109,9058,66,66,54,65
1,9478,62,0.3673720962833613,109,9120,67,62,56,64
1,9549,70,0.19247506244573742,109,9190,69,70,51,71
1,9624,59,0.6568348156288266,109,9249,63,59,64,75
1,9696,55,0.1378643821226433,109,9304,66,55,54,72
1,9764,57,0.07150898780673742,109,9361,63,57,67,68
1,9844,54,0.11266476998571306,109,9415,63,54,58,80
2,9917,59,0.11393972754012793,109,9474,60,60,59,73
2,9993,54,0.24019316374324262,109,9528,52,63,54,76
2,10064,52,0.20693226146977395,109,9580,71,54,52,69
3,10142,78,0.10767182649578899,109,9658,64,57,67,78
3,10217,73,0.396651316434145,109,9731,75,60,64,73
3,10288,71,0.29973790410440415,109,9802,69,61,55,71
3,10360,72,0.016071377089247108,109,9874,68,58,65,72
3,10432,72,0.20263184001669288,109,9946,63,69,63,72
3,10511,68,0.095435562543571,109,10014,79,61,64,68
3,10583,71,0.03534870920702815,109,10085,72,57,68,71
3,10659,65,0.10692426096647978,109,10150,76,62,66,65
3,10735,76,0.06197752826847136,109,10226,71,50,66,76
3,10811,61,0.5294017876731232,109,10287,76,61,69,61
3,10893,71,0.05901670816820115,109,10358,82,58,65,71
2,10976,66,0.8425734684569761,109,10424,83,43,66,69
3,11054,70,0.10396088077686727,109,10494,78,44,55,70
2,11133,59,0.15114198939409107,109,10553,79,57,59,64
3,11211,65,0.25758814136497676,109,10618,78,55,61,65
1,11275,63,0.38803575257770717,109,10681,64,63,61,64
3,11352,57,0.42159363289829344,109,10738,77,52,65,57
1,11433,51,0.2225376901915297,109,10789,81,51,67,58
1,11504,62,0.21716904384084046,109,10851,71,62,60,41
2,11585,60,1.157948803389445,109,10911,81,60,60,44
3,11670,48,0.21614882186986506,109,10959,85,53,71,48
2,11758,65,0.199650538736023,109,11024,88,70,65,51
2,11844,68,0.2004589078715071,109,11092,86,67,68,56
0,11932,88,0.28675599466077983,109,11180,88,71,59,55
0,12030,98,0.24980526824947447,109,11278,98,53,62,62
0,12113,83,0.2006976424017921,109,11361,83,58,49,52
0,12192,79,0.16304287302773446,109,11440,79,46,60,56
0,12282,90,0.32989973796065897,109,11530,90,52,51,55
0,12360,78,0.24080056068487465,109,11608,78,56,53,58
0,12437,77,0.20305106544401497,109,11685,77,59,53,57
0,12515,78,0.13552055961918086,109,11763,78,62,54,59
0,12598,83,0.1556638643378392,109,11846,83,61,57,56
0,12673,75,0.18210451188497245,109,11921,75,57,55,52
0,12757,84,0.17191701265983284,109,12005,84,55,48,65
0,12843,86,0.21004605083726346,109,12091,86,49,49,53
0,12918,75,0.12901648425031453,109,12166,75,50,54,58
0,12998,80,0.10751053655985743,109,12246,80,54,54,56
0,13082,84,0.061362450825981796,109,12330,84,53,48,65
0,13161,79,0.1072526010684669,109,12409,79,47,48,61
0,13237,76,0.10575234971474856,109,12485,76,51,44,54
0,13313,76,0.06467081198934466,109,12561,76,54,55,48
0,13393,80,0.18000070401467383,109,12641,80,37,50,48
0,13470,77,0.20607140916399658,109,12718,77,42,51,55
0,13542,72,0.22908080811612308,109,12790,72,47,52,47
0,13617,75,0.17380960762966424,109,12865,75,50,50,56
0,13690,73,0.05972267116885632,109,12938,73,46,57,57
0,13765,75,0.054736768011935055,109,13013,75,42,61,55
0,13831,66,0.14969998179003596,109,13079,66,39,62,48
0,13914,83,0.26736409578006715,109,13162,83,41,57,56
2,13990,60,0.14765505748800933,109,13222,76,40,60,44
0,14063,73,0.3157958403462544,109,13295,73,40,58,56
1,14144,42,0.1886348290136084,109,13337,81,42,58,47
0,14206,61,0.11377843783702701,109,13398,61,47,62,43
3,14281,43,0.10044770722743124,109,13441,75,49,60,43
0,14364,83,0.16619058442302048,109,13524,83,44,62,34
0,14448,84,0.2069476223550737,109,13608,84,40,60,39
0,14529,81,0.29295221157372,109,13689,81,44,70,38
0,14612,83,0.13577657518908381,109,13772,83,41,64,44
0,14696,84,0.15329316025599837,109,13856,84,43,73,39
0,14774,78,0.1726856993045658,109,13934,78,47,65,46
