choice,max_possible,points,reaction_time,subject,total_points,0,1,2,3
0,75,75,4.005140785942785,114,75,75,42,38,11
1,150,30,0.11731450248043984,114,105,75,30,31,24
2,232,36,0.05520328565035015,114,141,82,32,36,11
3,308,18,0.14016450254712254,114,159,76,37,41,18
0,377,69,0.09133151615969837,114,228,69,34,46,28
0,439,62,0.03915177029557526,114,290,62,30,43,31
0,514,75,0.03830691997427493,114,365,75,34,37,31
0,583,69,0.20675854629371315,114,434,69,27,43,22
0,649,66,0.335771665093489,114,500,66,27,55,28
0,719,70,0.00496989581733942,114,570,70,28,52,19
0,786,67,0.11120597901754081,114,637,67,30,53,19
0,855,69,0.12328349775634706,114,706,69,33,51,16
0,920,65,0.18774301453959197,114,771,65,27,59,12
0,985,65,0.09227365208789706,114,836,65,17,61,6
0,1053,59,0.09403759706765413,114,895,59,28,68,17
0,1119,66,0.005266873515211046,114,961,66,30,53,11
0,1179,55,0.15883185365237296,114,1016,55,26,60,5
1,1234,27,0.6061467978870496,114,1043,55,27,49,1
2,1305,56,0.2331127548823133,114,1099,71,17,56,7
3,1381,8,0.17272708076052368,114,1107,76,23,56,8
0,1453,72,0.03622551611624658,114,1179,72,13,49,9
2,1523,53,0.0425503725418821,114,1232,70,26,53,10
0,1602,79,0.08605376188643277,114,1311,79,31,54,6
0,1669,67,0.14258960692677647,114,1378,67,41,47,9
0,1740,71,0.16595611767843366,114,1449,71,32,54,12
0,1806,66,0.09036825865041465,114,1515,66,26,46,18
0,1876,70,0.2418447945965454,114,1585,70,24,47,13
0,1938,62,0.15577119158115238,114,1647,62,24,50,12
0,2003,65,0.19514441501814872,114,1712,65,32,48,19
0,2066,63,0.21274866280145943,114,1775,63,33,38,22
0,2128,62,0.020616907044313848,114,1837,62,30,38,21
0,2190,62,0.22999896947294474,114,1899,62,35,37,22
0,2252,62,0.06606857234146446,114,1961,62,22,32,13
0,2319,67,0.15757033857516944,114,2028,67,22,32,16
2,2385,31,0.009800903382711112,114,2059,66,22,31,12
2,2450,40,0.7149340729229152,114,2099,65,23,40,11
0,2516,66,0.5032363525824621,114,2165,66,26,23,14
0,2588,72,0.08657731302082539,114,2237,72,26,32,11
0,2663,75,0.5593273711856455,114,2312,75,20,32,18
0,2741,78,0.5337917713914067,114,2390,78,27,27,15
0,2814,73,0.09025049163028598,114,2463,73,28,30,21
0,2896,82,0.022483258158899844,114,2545,82,19,35,30
0,2974,78,0.14152586366981268,114,2623,78,35,30,29
0,3046,72,0.1044362960383296,114,2695,72,28,27,24
0,3125,79,0.12884798902086914,114,2774,79,31,30,32
0,3206,81,0.13636523648165166,114,2855,81,23,33,20
0,3283,77,0.057043395237997174,114,2932,77,27,26,21
0,3364,81,0.16889517265371978,114,3013,81,18,29,25
0,3433,69,0.17703645722940564,114,3082,69,12,30,26
0,3504,71,0.12078670924529433,114,3153,71,17,23,37
0,3571,67,0.21131369739305228,114,3220,67,21,30,29
0,3632,61,0.007162666413933039,114,3281,61,14,22,30
0,3706,74,0.1862440452678129,114,3355,74,13,20,27
0,3770,64,0.02191554440651089,114,3419,64,11,19,34
0,3830,60,0.04008622595574707,114,3479,60,20,21,18
0,3896,66,0.2263443520059809,114,3545,66,15,23,23
3,3958,25,0.37750214897096157,114,3570,62,15,33,25
0,4014,56,0.06794068380258977,114,3626,56,18,31,21
1,4071,31,0.07617285382002592,114,3657,57,31,35,24
0,4137,66,0.03947434946894646,114,3723,66,28,33,29
2,4201,39,0.05861020844895393,114,3762,64,33,39,22
0,4257,56,0.012490983470343053,114,3818,56,29,40,23
0,4307,50,0.019601806765422225,114,3868,50,33,50,28
0,4361,54,0.2625436265952885,114,3922,54,37,32,25
0,4417,56,0.17831781355198473,114,3978,56,37,36,24
1,4471,37,0.09415728424210101,114,4015,54,37,28,31
2,4512,28,0.04359299468342215,114,4043,41,38,28,33
3,4567,34,0.3378575493115932,114,4077,55,45,28,34
0,4621,54,0.040171350934542716,114,4131,54,52,37,32
0,4670,49,0.031054648337885737,114,4180,49,47,32,33
0,4724,54,0.05363903264515102,114,4234,54,46,37,35
0,4785,61,0.19831068348139524,114,4295,61,46,44,29
0,4845,60,0.20747154869604856,114,4355,60,48,41,35
0,4905,60,0.46849828492850065,114,4415,60,53,36,29
0,4963,58,0.06268277089111507,114,4473,58,54,26,30
0,5023,60,0.13627435103990138,114,4533,60,46,34,20
0,5084,61,0.13450080552138388,114,4594,61,49,33,23
0,5149,65,0.04125045519322157,114,4659,65,49,30,18
0,5211,62,0.009021976962685585,114,4721,62,45,23,16
0,5272,61,0.06107883539516479,114,4782,61,39,32,16
0,5322,50,0.0034741268027573824,114,4832,50,36,30,9
0,5377,55,0.02246021688915789,114,4887,55,39,41,18
0,5422,45,0.3392233905615285,114,4932,45,41,37,18
0,5484,62,0.17917418444994837,114,4994,62,46,38,24
0,5536,52,0.04190329404082149,114,5046,52,49,38,7
0,5582,46,0.15927604015450925,114,5092,46,34,35,18
0,5629,43,0.1991676944307983,114,5135,43,47,32,12
0,5677,41,0.10146139899734408,114,5176,41,48,26,14
0,5724,40,0.19590542023070157,114,5216,40,47,41,12
0,5766,41,0.2505173108074814,114,5257,41,42,35,24
0,5807,41,0.06431486795190722,114,5298,41,38,34,27
0,5859,52,0.19318653852678835,114,5350,52,36,36,21
0,5901,41,0.12105040496680886,114,5391,41,42,37,23
1,5946,37,0.08169254241511226,114,5428,45,37,41,16
3,5986,13,0.5387757478747517,114,5441,40,32,40,13
0,6028,40,0.05608525814022869,114,5481,40,42,38,18
1,6070,42,0.3805455300025642,114,5523,40,42,30,22
2,6107,36,0.23231718759052455,114,5559,37,36,36,21
3,6151,27,0.06155438371933997,114,5586,32,42,44,27
0,6197,23,0.007435962557792664,114,5609,23,46,39,25
1,6245,39,0.13941309787333012,114,5648,38,39,48,25
1,6297,52,0.05545098043512553,114,5700,32,52,52,29
1,6344,45,0.12521897302940488,114,5745,37,45,47,15
1,6388,44,0.151687748497352,114,5789,33,44,44,26
1,6440,45,0.20520837407093495,114,5834,31,45,52,24
2,6496,56,0.09881676163058728,114,5890,38,45,56,24
2,6555,59,0.04441352339927107,114,5949,28,46,59,28
2,6610,55,0.36763980193063617,114,6004,38,44,55,26
2,6667,57,0.07654791616369039,114,6061,35,39,57,23
1,6725,41,0.21923672896809876,114,6102,46,41,58,24
1,6779,41,0.44612447323743254,114,6143,41,41,54,16
1,6832,33,0.13797877251636237,114,6176,35,33,53,17
2,6878,46,0.10866374766919762,114,6222,39,25,46,28
0,6932,36,0.1187443477101624,114,6258,36,37,54,29
3,6980,31,0.14246287930291146,114,6289,39,37,48,31
1,7025,36,0.22761802782770246,114,6325,45,36,44,40
2,7074,49,0.16484885173849761,114,6374,48,40,49,37
2,7128,54,0.018685912247747183,114,6428,42,40,54,34
1,7175,38,0.1445730848936364,114,6466,47,38,45,35
1,7229,54,0.4324122972320765,114,6520,43,54,49,26
1,7281,52,0.11009743309114128,114,6572,49,52,44,35
1,7340,54,0.12840764271095395,114,6626,59,54,43,29
1,7394,54,0.22696454892866313,114,6680,52,54,53,32
1,7447,53,0.29672166088130325,114,6733,49,53,43,39
2,7501,40,0.03250561479944736,114,6773,49,54,40,42
0,7561,60,0.06720399996265769,114,6833,60,51,46,44
1,7616,55,0.17466575605794787,114,6888,51,55,47,42
1,7674,58,0.008379378821700811,114,6946,52,58,47,41
1,7732,50,0.2032946600811556,114,6996,58,50,51,45
1,7789,57,0.0512817723210901,114,7053,52,57,46,45
2,7847,47,0.032104950863868,114,7100,51,58,47,37
3,7911,37,0.09637693641707301,114,7137,48,64,46,37
0,7974,58,0.2846505424240604,114,7195,58,63,50,35
1,8043,69,0.06406973348930478,114,7264,53,69,50,39
1,8101,57,0.1524321127217263,114,7321,58,57,52,43
1,8165,64,0.14970811072271317,114,7385,57,64,57,43
1,8223,56,0.10725758387707174,114,7441,46,56,58,43
1,8281,58,0.21704715874511749,114,7499,51,58,48,30
1,8340,59,0.09891020716167986,114,7558,44,59,54,31
1,8394,54,0.19476039218716323,114,7612,51,54,46,39
1,8447,53,0.17878888151608407,114,7665,41,53,45,37
2,8505,51,0.08149157045409083,114,7716,50,58,51,38
0,8559,48,0.07776974875014275,114,7764,48,54,47,33
3,8614,31,0.1250231214798987,114,7795,47,55,37,31
1,8684,70,0.18559760670177639,114,7865,39,70,46,32
0,8740,39,0.33597583731170744,114,7904,39,56,56,39
1,8803,63,0.10203423304483294,114,7967,48,63,49,45
1,8854,50,0.11125974217429757,114,8017,50,50,51,39
1,8904,50,0.38658492953982204,114,8067,47,50,50,42
1,8961,48,0.08220649289432913,114,8115,52,48,57,45
1,9021,44,0.12234392191749066,114,8159,45,44,60,42
1,9069,48,0.024078233167529106,114,8207,45,48,48,42
2,9123,51,0.043258894816972315,114,8258,47,40,51,54
1,9169,46,0.05591436801478267,114,8304,43,46,45,38
1,9215,46,0.06325176474638283,114,8350,41,46,46,33
1,9268,44,0.07752269424963742,114,8394,53,44,45,26
1,9323,47,0.027951743686571717,114,8441,45,47,55,36
1,9377,48,0.03545875055715442,114,8489,36,48,54,37
1,9434,42,0.14549025963060558,114,8531,42,42,57,41
1,9489,31,0.21345334476791322,114,8562,39,31,55,35
2,9540,47,0.05527432996314019,114,8609,51,40,47,45
0,9593,52,0.10072471515741199,114,8661,52,45,53,42
0,9644,45,0.2521026851609349,114,8706,45,51,48,44
3,9696,42,0.3564941785298288,114,8748,48,47,52,42
0,9752,49,0.2185435676947236,114,8797,49,55,56,28
0,9809,48,0.003807586617767811,114,8845,48,47,57,35
0,9866,41,0.12545770732685924,114,8886,41,50,57,33
2,9916,50,0.08983190672006458,114,8936,46,44,50,40
0,9970,39,0.1300896629691124,114,8975,39,54,54,31
2,10028,58,0.14536033186595887,114,9033,34,56,58,23
2,10081,53,0.02419536013621837,114,9086,41,46,53,23
2,10143,62,0.05798425117973238,114,9148,40,54,62,30
1,10211,55,0.10412331740371883,114,9203,33,55,68,24
2,10273,60,0.14865652797743678,114,9263,45,62,60,28
1,10334,61,0.11350371572189033,114,9324,40,61,54,33
1,10396,62,0.13700271444395185,114,9386,33,62,58,25
1,10463,65,0.10035861341748387,114,9451,33,65,67,31
1,10523,58,0.18609235621988773,114,9509,37,58,60,21
1,10589,64,0.028255121782422066,114,9573,36,64,66,28
1,10649,60,0.006730640539899468,114,9633,35,60,58,32
2,10714,65,0.4287032764405012,114,9698,38,64,65,21
1,10773,58,0.21912344230804592,114,9756,34,58,59,25
1,10838,65,0.19566732610110193,114,9821,39,65,60,21
1,10899,60,0.25253151066135615,114,9881,30,60,61,15
1,10970,57,0.15031422663014382,114,9938,19,57,71,33
1,11037,55,0.014849523780867457,114,9993,23,55,67,30
1,11109,62,0.16037754563149065,114,10055,37,62,72,39
1,11179,59,0.12023819657042623,114,10114,24,59,70,35
1,11249,52,0.29169416159857064,114,10166,32,52,70,34
1,11316,58,0.026932802982628345,114,10224,25,58,67,33
2,11385,69,0.1776009708410129,114,10293,32,60,69,22
2,11454,64,0.11166296619921923,114,10357,16,69,64,27
2,11523,69,0.10401835117954761,114,10426,39,63,69,28
2,11592,69,0.20866393961478025,114,10495,37,65,69,27
2,11664,69,0.09100829681847245,114,10564,29,72,69,27
2,11736,72,0.30130049341823906,114,10636,34,62,72,34
2,11807,71,0.24188319686800241,114,10707,26,62,71,36
2,11877,70,0.11161560332402587,114,10777,28,57,70,29
2,11956,79,0.18110581941436976,114,10856,30,67,79,37
2,12028,72,0.15776042989455163,114,10928,26,72,72,33
