choice,max_possible,points,reaction_time,subject,total_points,0,1,2,3,4,5,6,7
4,71,63,0.6602901804726571,114,63,37,51,33,1,63,61,71,30
5,139,67,0.199650923255831,114,130,32,51,40,1,60,67,68,31
6,214,75,0.021423995262011886,114,205,48,56,46,1,58,59,75,37
7,286,29,0.1303136763162911,114,234,49,43,36,1,56,67,72,29
3,349,4,0.07797200093045831,114,238,43,51,36,4,58,58,63,27
2,418,32,0.09724162786733359,114,270,46,45,32,1,57,69,67,28
1,494,54,0.006687758024781942,114,324,42,54,43,1,54,70,76,28
0,564,44,0.25175898475572467,114,368,44,52,37,9,51,65,70,27
6,636,72,0.15284237719606608,114,440,56,54,24,1,52,67,72,25
6,712,75,0.002533910796046257,114,515,54,45,38,1,50,76,75,29
5,792,63,0.2543159369379282,114,578,57,55,47,1,49,63,80,18
4,858,51,0.005895390873774886,114,629,59,60,33,7,51,66,60,19
6,927,69,0.19870046665892005,114,698,48,59,41,20,46,60,69,22
6,1004,77,0.4335419643903151,114,775,55,56,40,10,43,63,77,13
7,1082,15,0.07864596100989729,114,790,60,50,40,22,47,69,78,15
6,1150,68,0.0515390676446259,114,858,58,60,33,13,42,64,68,19
6,1232,82,0.09929935028776526,114,940,61,58,48,14,37,72,82,4
5,1304,72,0.19476295227650553,114,1012,53,57,31,29,40,72,71,18
6,1379,75,0.06613257620483637,114,1087,60,59,42,24,38,63,75,9
5,1455,70,0.15556701936293393,114,1157,64,63,37,28,36,70,76,8
6,1534,77,0.09796167071908712,114,1234,52,65,45,21,44,79,77,19
5,1608,65,0.122550014173612,114,1299,51,69,45,31,39,65,74,22
6,1685,77,0.1288377484306693,114,1376,41,67,40,32,38,70,77,18
6,1760,75,0.09356332896277308,114,1451,41,61,38,41,46,62,75,14
6,1835,71,0.12715508823748678,114,1522,44,71,36,29,47,75,71,20
6,1906,71,0.09954448486678302,114,1593,36,60,33,33,35,68,71,20
5,1977,67,0.0296548850601539,114,1660,40,71,42,35,45,67,69,23
4,2049,49,0.14547361864242703,114,1709,41,64,34,27,49,61,72,30
7,2121,24,0.2205731285503134,114,1733,45,69,42,17,41,61,72,24
6,2196,75,0.034333563526161015,114,1808,41,63,38,27,45,56,75,24
3,2275,23,0.22309871891047806,114,1831,50,79,43,23,47,60,71,23
2,2341,47,0.6650687049841508,114,1878,49,61,47,33,40,57,66,28
1,2405,64,0.17775521997828037,114,1942,49,64,44,27,43,54,61,17
0,2474,49,0.17782690422609448,114,1991,49,69,41,27,44,49,59,20
1,2550,64,0.3776359169278294,114,2055,42,64,31,25,48,55,76,37
6,2620,70,0.35235121194273233,114,2125,52,61,40,28,47,47,70,14
5,2683,39,0.01616032188758254,114,2164,34,58,42,17,39,39,63,19
6,2752,65,0.19793370098341256,114,2229,46,69,33,25,46,42,65,20
1,2821,61,0.27071435295511037,114,2290,36,61,38,28,45,51,69,12
1,2891,63,0.21269233943894506,114,2353,42,63,42,24,43,51,70,20
6,2963,72,0.031462352722883224,114,2425,42,50,39,16,34,44,72,11
1,3037,57,0.1457245135679841,114,2482,37,57,41,24,41,49,74,18
4,3099,34,0.20580232935026288,114,2516,42,62,31,17,34,42,62,24
6,3164,65,0.013812662102282047,114,2581,39,58,36,22,35,48,65,36
6,3231,67,0.01125763007439673,114,2648,40,65,34,28,41,50,67,21
6,3302,64,0.0544378001941368,114,2712,49,71,34,32,36,54,64,31
6,3369,67,0.08548732823692262,114,2779,49,67,32,37,35,52,67,19
1,3444,75,0.14218062267173082,114,2854,56,75,30,21,35,56,68,20
6,3516,72,0.029096131795085967,114,2926,52,67,34,27,29,53,72,33
1,3588,72,0.07674248772673309,114,2998,52,72,29,17,37,48,65,22
6,3658,62,0.18023792782332748,114,3060,54,70,26,25,35,52,62,20
1,3729,71,0.23028506652917713,114,3131,49,71,32,29,40,56,65,21
1,3800,62,0.23199716839008033,114,3193,50,62,25,24,46,49,71,32
1,3876,66,0.07812561001628637,114,3259,51,66,26,32,48,52,76,25
1,3951,55,0.23787527834065259,114,3314,48,55,32,19,43,49,75,32
1,4020,56,0.2517090616747737,114,3370,58,56,27,26,42,49,69,35
1,4088,55,0.4368887236341834,114,3425,61,55,36,25,38,54,68,42
6,4150,61,0.17742304026614875,114,3486,62,52,26,15,36,57,61,39
6,4215,57,0.14945401553995907,114,3543,65,47,40,19,26,47,57,35
6,4279,64,0.21312052488792688,114,3607,64,61,36,20,29,53,64,27
6,4350,71,0.2015793580794707,114,3678,70,63,37,14,29,56,71,37
6,4423,68,0.2981579063925892,114,3746,73,58,30,26,32,58,68,28
6,4492,69,0.3807279409375042,114,3815,63,62,35,25,24,56,69,29
6,4558,64,0.3343597410712391,114,3879,62,66,32,27,32,53,64,30
6,4625,67,0.18742555554490536,114,3946,66,59,31,21,27,55,67,21
6,4690,60,0.038320360821671784,114,4006,55,65,41,22,37,50,60,9
6,4757,59,0.25007696461398154,114,4065,67,61,34,31,31,44,59,20
6,4821,62,0.21898071374744177,114,4127,62,64,40,31,35,57,62,16
1,4883,55,0.1973583068465814,114,4182,62,55,39,30,26,53,60,19
6,4948,53,0.14977403450757265,114,4235,65,57,45,34,26,47,53,15
0,5010,62,0.08952404849696904,114,4297,62,59,41,37,16,47,53,13
1,5069,51,0.12730997742619365,114,4348,59,51,31,31,23,54,52,27
2,5130,36,0.20302136382088065,114,4384,60,58,36,48,24,49,61,10
3,5185,40,0.3289450188167393,114,4424,44,55,44,40,24,42,53,13
4,5246,24,0.15271372953429818,114,4448,61,54,37,42,24,43,57,12
5,5301,40,0.11165848595555872,114,4488,55,49,37,50,30,40,54,19
6,5355,50,0.045130366226658225,114,4538,54,50,39,54,21,35,50,7
7,5410,25,0.02120638231281191,114,4563,51,49,36,55,23,34,50,25
0,5458,41,0.10776065394748002,114,4604,41,48,40,48,23,37,47,23
6,5524,52,0.11777597002219409,114,4656,53,50,38,66,23,19,52,22
1,5576,46,0.3081463408889249,114,4702,49,46,36,44,26,27,52,15
6,5631,47,0.08638786186929792,114,4749,42,48,42,55,21,36,47,20
2,5682,37,0.08154789370018989,114,4786,46,43,37,51,26,33,44,19
6,5737,55,0.11668342491611838,114,4841,55,39,37,55,19,24,55,20
7,5787,11,0.40921667660586536,114,4852,50,47,35,50,16,17,44,11
3,5845,53,1.3451520634116605,114,4905,58,48,43,53,28,28,41,10
6,5912,39,0.11701432464178652,114,4944,57,67,32,48,22,24,39,19
3,5971,55,0.0740453670732677,114,4999,47,59,35,55,9,20,39,24
5,6030,28,0.1340534188784659,114,5027,47,59,34,59,21,28,41,20
4,6088,14,0.6429483483079821,114,5041,38,58,40,57,14,28,42,22
2,6155,44,0.3969618671108037,114,5085,45,67,44,57,24,13,41,18
1,6215,60,0.298244311590679,114,5145,37,60,44,59,24,27,41,14
0,6285,44,0.044424404157325625,114,5189,44,70,43,56,28,22,38,19
1,6357,72,0.18600659118965268,114,5261,43,72,41,55,28,31,47,15
1,6428,71,0.023210341460071504,114,5332,43,71,43,46,22,28,33,18
1,6499,71,0.23573115072213113,114,5403,34,71,46,51,24,26,34,25
1,6572,73,0.16313482983969152,114,5476,40,73,49,60,25,26,37,22
1,6636,64,0.2081915915478021,114,5540,51,64,44,61,21,23,38,23
1,6700,63,0.0026567982276901603,114,5603,47,63,44,64,26,25,41,27
1,6770,61,0.2230801577679813,114,5664,47,61,41,70,29,36,45,30
1,6836,66,0.20840024400968105,114,5730,50,66,41,62,28,26,54,24
1,6905,68,0.09180194395594299,114,5798,48,68,47,69,25,36,58,23
1,6975,56,0.07753805501852185,114,5854,39,56,33,70,23,42,48,35
1,7041,58,0.4241878075990826,114,5912,40,58,41,66,29,29,46,22
1,7109,51,0.14896374626550823,114,5963,48,51,42,68,34,35,45,20
1,7169,57,0.11344163212925196,114,6020,43,57,36,60,39,29,43,24
1,7233,51,0.06596808647736907,114,6071,48,51,35,64,37,28,40,28
1,7290,54,0.002454546047374606,114,6125,41,54,35,57,36,35,45,27
5,7347,32,0.14531616924796253,114,6157,34,43,38,57,36,32,39,29
1,7403,51,0.1358333647949621,114,6208,43,51,43,56,36,38,43,32
1,7459,42,0.15071425051428378,114,6250,45,42,30,56,34,26,30,20
6,7522,23,0.06771795055828989,114,6273,37,50,44,63,39,36,23,27
1,7578,48,0.18671895342413336,114,6321,39,48,45,56,44,33,22,37
7,7638,20,0.10566772939637303,114,6341,42,60,39,54,46,27,21,20
1,7695,44,0.27719409856945276,114,6385,38,44,41,57,44,28,29,25
4,7746,39,0.20022567745763808,114,6424,40,48,44,51,39,29,31,20
1,7802,43,0.1490168694872409,114,6467,40,43,41,56,43,38,25,16
2,7858,30,0.6267067415174097,114,6497,43,43,30,56,50,34,21,24
3,7914,56,0.4532327364431694,114,6553,37,42,38,56,49,30,34,23
1,7971,40,0.036137830931693316,114,6593,32,40,43,57,44,31,34,20
3,8029,58,0.07927319838199764,114,6651,34,32,38,58,50,32,34,21
3,8088,59,0.4430414098314941,114,6710,33,39,40,59,50,26,32,26
3,8147,56,0.1293209771392867,114,6766,39,40,36,56,59,39,22,22
3,8200,53,0.2587405202211812,114,6819,41,41,33,53,42,31,31,31
3,8249,49,0.10274403542280197,114,6868,41,38,32,49,48,41,26,39
0,8298,37,0.3727415455505252,114,6905,37,30,33,49,47,43,35,41
3,8356,58,0.13338457909412682,114,6963,29,28,26,58,39,36,27,41
1,8406,42,0.0013984832912683487,114,7005,31,42,35,50,30,34,30,39
3,8459,53,0.057131720473989844,114,7058,30,28,32,53,42,42,30,41
3,8509,50,0.0997300959425047,114,7108,26,29,44,50,49,49,28,41
3,8559,47,0.3779290543170646,114,7155,23,32,33,47,50,48,39,36
3,8613,45,0.1604229883523658,114,7200,32,37,41,45,54,48,27,38
6,8665,28,0.13903611537534744,114,7228,32,29,45,51,52,40,28,35
3,8724,59,0.16155969607643783,114,7287,15,34,40,59,47,44,20,40
5,8779,40,0.13462881313171238,114,7327,19,19,43,55,54,40,34,25
3,8841,62,0.17272580065764487,114,7389,23,18,41,62,52,58,23,32
3,8899,58,0.059817320317961276,114,7447,30,23,40,58,57,43,31,27
3,8964,65,0.0761363715864718,114,7512,29,24,41,65,55,38,35,31
3,9036,72,0.08385907125193626,114,7584,32,28,45,72,72,46,20,20
3,9097,59,0.1671293075196445,114,7643,24,29,40,59,61,39,28,35
3,9157,60,0.052568888873793185,114,7703,26,27,47,60,54,43,33,31
3,9221,57,0.00878644292242825,114,7760,25,31,37,57,64,43,37,35
3,9287,61,0.0666932495078072,114,7821,39,31,40,61,66,46,30,46
3,9348,58,0.06993248232174665,114,7879,31,24,36,58,61,47,30,42
3,9404,56,0.11905796639621258,114,7935,32,29,42,56,53,46,37,45
3,9467,57,0.10976909345481545,114,7992,35,25,44,57,63,47,34,38
3,9533,50,0.16024761798325926,114,8042,26,21,44,50,66,44,38,35
3,9590,53,0.039737405139021575,114,8095,31,28,43,53,57,51,33,31
3,9651,48,0.22364851157180965,114,8143,32,22,43,48,61,52,36,39
3,9706,38,0.06969118805136532,114,8181,34,25,40,38,53,55,41,37
4,9766,60,0.13500387535896152,114,8241,35,33,33,45,60,55,45,35
4,9816,50,0.31216129986569285,114,8291,37,25,41,37,50,48,43,38
3,9876,41,0.060973869170993567,114,8332,38,30,36,41,45,60,47,38
4,9935,59,0.02472787187434733,114,8391,46,24,37,34,59,54,44,31
2,9997,30,0.15357010054867715,114,8421,46,30,30,27,51,62,45,44
1,10056,39,0.163715984323062,114,8460,43,39,33,29,51,59,41,40
0,10120,39,0.2293710921658203,114,8499,39,32,45,40,55,64,39,45
4,10185,61,0.15124356199521571,114,8560,41,32,38,39,61,65,46,43
7,10251,42,0.4253737982362509,114,8602,35,37,37,41,52,66,49,42
4,10305,54,0.12246360909193754,114,8656,46,27,39,39,54,54,47,39
3,10367,42,0.011922629666514695,114,8698,42,35,36,42,62,59,57,42
4,10427,56,0.13466401514597237,114,8754,41,37,35,37,56,60,53,46
5,10492,60,0.01896560878958553,114,8814,51,42,32,33,65,60,57,44
6,10565,61,0.1638990353094414,114,8875,47,38,36,36,73,57,61,38
5,10631,55,0.4721138601889834,114,8930,44,35,41,34,66,55,60,43
6,10705,61,0.23867852613329887,114,8991,41,40,35,31,74,62,61,48
4,10771,66,0.020143278874456882,114,9057,51,35,36,26,66,57,59,45
5,10844,57,0.21494207333307713,114,9114,49,35,30,29,73,57,47,47
6,10908,49,0.045320457429625094,114,9163,54,43,25,18,64,59,49,46
4,10970,62,0.18635797209572047,114,9225,51,43,33,34,62,62,54,46
4,11034,64,0.08465655881445855,114,9289,60,40,28,22,64,63,51,50
4,11093,49,0.24845894833561033,114,9338,52,37,28,31,49,59,50,40
5,11156,56,0.17443534242920578,114,9394,52,39,34,31,47,56,63,35
4,11215,58,0.45859689568169415,114,9452,40,41,30,18,58,59,50,35
4,11271,51,0.08798475679941475,114,9503,54,39,39,24,51,52,56,37
4,11338,58,0.08859919349197298,114,9561,51,40,33,28,58,52,67,46
4,11402,52,0.12396001815795898,114,9613,51,42,44,30,52,44,64,45
4,11467,54,0.048626894247718155,114,9667,50,32,38,30,54,43,65,41
5,11524,57,0.09305897878948599,114,9724,54,46,39,33,56,57,53,43
6,11583,59,0.21716300561092794,114,9783,50,37,32,27,49,41,59,45
4,11643,60,0.12956739193759859,114,9843,56,40,37,33,60,43,46,38
6,11703,51,0.053539826651103795,114,9894,53,46,43,24,60,49,51,54
4,11769,66,0.021674250136129558,114,9960,45,52,46,28,66,50,49,48
4,11829,60,0.07756173645611852,114,10020,47,46,47,24,60,46,51,58
4,11895,66,0.04379268654156476,114,10086,45,52,50,32,66,47,41,57
4,11957,60,0.06705871131271124,114,10146,48,53,50,21,60,47,47,62
7,12023,57,1.2737807753728703,114,10203,49,44,44,21,66,47,44,57
4,12087,64,0.22542589739896357,114,10267,48,47,50,24,64,44,51,53
4,12148,61,0.0878695499850437,114,10328,38,55,53,26,61,50,43,50
4,12213,65,0.05529417109210044,114,10393,41,51,55,11,65,44,57,60
4,12277,64,0.057073476957157254,114,10457,50,57,57,20,64,52,49,54
4,12348,71,0.012531305896118283,114,10528,43,59,54,18,71,54,55,53
4,12409,61,0.24154269660357386,114,10589,49,60,59,19,61,53,53,46
4,12475,64,0.2446833634749055,114,10653,48,66,57,19,64,54,58,55
4,12535,60,0.27080715843476355,114,10713,51,60,55,25,60,41,59,52
4,12600,57,0.2793529471382499,114,10770,51,65,54,24,57,53,53,58
4,12660,54,0.28836980380583555,114,10824,60,57,57,19,54,52,58,55
6,12721,61,0.08974166144616902,114,10885,55,52,45,30,52,58,61,52
4,12785,53,0.04098291939590126,114,10938,47,56,48,23,53,64,55,58
6,12853,66,0.059819880523718894,114,11004,54,61,54,16,60,60,66,68
